"Time Stamp","Name","PTID","LBMP ($/MWHr)","Marginal Cost Losses ($/MWHr)","Marginal Cost Congestion ($/MWHr)"
"01/18/2024 00:05:00","CAPITL",61757,119.15,2.76,-70.38
"01/18/2024 00:05:00","CENTRL",61754,54.75,-0.69,-9.42
"01/18/2024 00:05:00","DUNWOD",61760,105.87,4.32,-55.54
"01/18/2024 00:05:00","GENESE",61753,50.54,-2.39,-6.92
"01/18/2024 00:05:00","H Q",61844,51.54,-0.78,-6.31
"01/18/2024 00:05:00","HUD VL",61758,104.76,3.96,-54.79
"01/18/2024 00:05:00","LONGIL",61762,108.98,4.97,-58.00
"01/18/2024 00:05:00","MHK VL",61756,60.85,1.52,-13.33
"01/18/2024 00:05:00","MILLWD",61759,106.08,4.32,-55.75
"01/18/2024 00:05:00","N.Y.C.",61761,162.21,4.70,-111.50
"01/18/2024 00:05:00","NORTH",61755,31.08,-1.06,13.87
"01/18/2024 00:05:00","NPX",61845,118.67,3.04,-69.62
"01/18/2024 00:05:00","O H",61846,49.59,-4.60,-8.18
"01/18/2024 00:05:00","PJM",61847,90.71,0.37,-44.33
"01/18/2024 00:05:00","WEST",61752,51.02,-3.86,-8.87
"01/18/2024 00:10:00","CAPITL",61757,126.30,1.18,-105.38
"01/18/2024 00:10:00","CENTRL",61754,31.94,-0.30,-12.50
"01/18/2024 00:10:00","DUNWOD",61760,104.79,1.88,-83.18
"01/18/2024 00:10:00","GENESE",61753,25.45,-0.93,-6.64
"01/18/2024 00:10:00","H Q",61844,25.72,-0.34,-6.31
"01/18/2024 00:10:00","HUD VL",61758,103.53,1.72,-82.07
"01/18/2024 00:10:00","LONGIL",61762,107.58,2.15,-85.69
"01/18/2024 00:10:00","MHK VL",61756,42.15,0.65,-21.76
"01/18/2024 00:10:00","MILLWD",61759,105.10,1.88,-83.48
"01/18/2024 00:10:00","N.Y.C.",61761,161.99,2.03,-140.22
"01/18/2024 00:10:00","NORTH",61755,19.26,-0.47,0.00
"01/18/2024 00:10:00","NPX",61845,122.15,1.30,-101.11
"01/18/2024 00:10:00","O H",61846,25.17,-1.82,-7.25
"01/18/2024 00:10:00","PJM",61847,78.23,0.22,-58.27
"01/18/2024 00:10:00","WEST",61752,25.58,-1.48,-7.33
"01/18/2024 00:15:00","CAPITL",61757,119.16,1.31,-96.42
"01/18/2024 00:15:00","CENTRL",61754,32.26,-0.32,-11.15
"01/18/2024 00:15:00","DUNWOD",61760,99.58,2.04,-76.11
"01/18/2024 00:15:00","GENESE",61753,25.81,-1.03,-5.41
"01/18/2024 00:15:00","H Q",61844,27.38,-0.36,-6.31
"01/18/2024 00:15:00","HUD VL",61758,98.39,1.86,-75.10
"01/18/2024 00:15:00","LONGIL",61762,102.58,2.34,-78.81
"01/18/2024 00:15:00","MHK VL",61756,42.32,0.69,-20.21
"01/18/2024 00:15:00","MILLWD",61759,99.83,2.01,-76.39
"01/18/2024 00:15:00","N.Y.C.",61761,158.53,2.19,-134.91
"01/18/2024 00:15:00","NORTH",61755,12.03,-0.53,8.86
"01/18/2024 00:15:00","NPX",61845,115.92,1.44,-93.06
"01/18/2024 00:15:00","O H",61846,25.19,-1.99,-5.75
"01/18/2024 00:15:00","PJM",61847,75.68,0.24,-54.02
"01/18/2024 00:15:00","WEST",61752,25.45,-1.63,-5.65
"01/18/2024 00:20:00","CAPITL",61757,126.30,0.80,-112.15
"01/18/2024 00:20:00","CENTRL",61754,28.15,-0.20,-15.00
"01/18/2024 00:20:00","DUNWOD",61760,103.14,1.27,-88.52
"01/18/2024 00:20:00","GENESE",61753,23.70,-0.68,-11.04
"01/18/2024 00:20:00","H Q",61844,13.12,-0.23,0.00
"01/18/2024 00:20:00","HUD VL",61758,101.84,1.15,-87.34
"01/18/2024 00:20:00","LONGIL",61762,105.84,1.44,-91.05
"01/18/2024 00:20:00","MHK VL",61756,35.17,0.44,-21.38
"01/18/2024 00:20:00","MILLWD",61759,103.45,1.25,-88.85
"01/18/2024 00:20:00","N.Y.C.",61761,158.05,1.35,-143.36
"01/18/2024 00:20:00","NORTH",61755,5.80,-0.33,7.21
"01/18/2024 00:20:00","NPX",61845,115.13,0.89,-100.89
"01/18/2024 00:20:00","O H",61846,25.07,-1.32,-13.04
"01/18/2024 00:20:00","PJM",61847,71.69,0.12,-58.23
"01/18/2024 00:20:00","WEST",61752,26.39,-1.11,-14.15
"01/18/2024 00:25:00","CAPITL",61757,119.18,1.19,-98.46
"01/18/2024 00:25:00","CENTRL",61754,32.47,-0.23,-13.17
"01/18/2024 00:25:00","DUNWOD",61760,99.08,1.84,-77.72
"01/18/2024 00:25:00","GENESE",61753,28.20,-1.02,-9.69
"01/18/2024 00:25:00","H Q",61844,19.18,-0.35,0.00
"01/18/2024 00:25:00","HUD VL",61758,97.89,1.68,-76.68
"01/18/2024 00:25:00","LONGIL",61762,101.18,2.11,-79.54
"01/18/2024 00:25:00","MHK VL",61756,38.96,0.66,-18.77
"01/18/2024 00:25:00","MILLWD",61759,99.35,1.82,-78.00
"01/18/2024 00:25:00","N.Y.C.",61761,138.69,2.01,-117.15
"01/18/2024 00:25:00","NORTH",61755,10.56,-0.49,8.48
"01/18/2024 00:25:00","NPX",61845,109.39,1.29,-88.57
"01/18/2024 00:25:00","O H",61846,29.04,-1.93,-11.45
"01/18/2024 00:25:00","PJM",61847,70.17,0.20,-50.44
"01/18/2024 00:25:00","WEST",61752,30.35,-1.60,-12.43
"01/18/2024 00:30:00","CAPITL",61757,117.71,1.20,-96.88
"01/18/2024 00:30:00","CENTRL",61754,32.32,-0.27,-12.96
"01/18/2024 00:30:00","DUNWOD",61760,97.94,1.84,-76.47
"01/18/2024 00:30:00","GENESE",61753,28.16,-1.00,-9.53
"01/18/2024 00:30:00","H Q",61844,19.30,-0.33,0.00
"01/18/2024 00:30:00","HUD VL",61758,96.77,1.69,-75.45
"01/18/2024 00:30:00","LONGIL",61762,100.85,2.10,-79.11
"01/18/2024 00:30:00","MHK VL",61756,38.77,0.67,-18.47
"01/18/2024 00:30:00","MILLWD",61759,98.20,1.83,-76.75
"01/18/2024 00:30:00","N.Y.C.",61761,155.67,1.98,-134.06
"01/18/2024 00:30:00","NORTH",61755,10.67,-0.45,8.51
"01/18/2024 00:30:00","NPX",61845,108.07,1.30,-87.15
"01/18/2024 00:30:00","O H",61846,28.99,-1.90,-11.26
"01/18/2024 00:30:00","PJM",61847,70.90,0.18,-51.09
"01/18/2024 00:30:00","WEST",61752,30.27,-1.59,-12.23
"01/18/2024 00:35:00","CAPITL",61757,102.66,1.25,-80.97
"01/18/2024 00:35:00","CENTRL",61754,30.97,-0.31,-10.83
"01/18/2024 00:35:00","DUNWOD",61760,86.26,1.90,-63.91
"01/18/2024 00:35:00","GENESE",61753,27.35,-1.06,-7.97
"01/18/2024 00:35:00","H Q",61844,20.10,-0.35,0.00
"01/18/2024 00:35:00","HUD VL",61758,85.25,1.74,-63.06
"01/18/2024 00:35:00","LONGIL",61762,89.61,2.19,-66.97
"01/18/2024 00:35:00","MHK VL",61756,36.60,0.72,-15.44
"01/18/2024 00:35:00","MILLWD",61759,86.47,1.88,-64.15
"01/18/2024 00:35:00","N.Y.C.",61761,153.31,2.06,-130.80
"01/18/2024 00:35:00","NORTH",61755,11.30,-0.47,8.68
"01/18/2024 00:35:00","NPX",61845,94.66,1.37,-72.84
"01/18/2024 00:35:00","O H",61846,27.86,-2.00,-9.41
"01/18/2024 00:35:00","PJM",61847,64.77,0.16,-44.16
"01/18/2024 00:35:00","WEST",61752,28.97,-1.70,-10.22
"01/18/2024 00:40:00","CAPITL",61757,124.86,1.17,-104.45
"01/18/2024 00:40:00","CENTRL",61754,31.52,-0.31,-12.59
"01/18/2024 00:40:00","DUNWOD",61760,103.49,1.81,-82.44
"01/18/2024 00:40:00","GENESE",61753,25.29,-1.00,-7.05
"01/18/2024 00:40:00","H Q",61844,18.91,-0.33,0.00
"01/18/2024 00:40:00","HUD VL",61758,102.24,1.66,-81.35
"01/18/2024 00:40:00","LONGIL",61762,106.13,2.06,-84.83
"01/18/2024 00:40:00","MHK VL",61756,41.27,0.67,-21.36
"01/18/2024 00:40:00","MILLWD",61759,103.78,1.79,-82.74
"01/18/2024 00:40:00","N.Y.C.",61761,155.48,1.94,-134.30
"01/18/2024 00:40:00","NORTH",61755,10.35,-0.46,8.43
"01/18/2024 00:40:00","NPX",61845,114.49,1.29,-93.96
"01/18/2024 00:40:00","O H",61846,25.16,-1.91,-7.82
"01/18/2024 00:40:00","PJM",61847,71.10,0.15,-51.71
"01/18/2024 00:40:00","WEST",61752,25.65,-1.62,-8.02
"01/18/2024 00:45:00","CAPITL",61757,101.15,1.44,-76.09
"01/18/2024 00:45:00","CENTRL",61754,33.44,-0.35,-10.18
"01/18/2024 00:45:00","DUNWOD",61760,85.90,2.22,-60.06
"01/18/2024 00:45:00","GENESE",61753,29.85,-1.25,-7.49
"01/18/2024 00:45:00","H Q",61844,23.24,-0.38,0.00
"01/18/2024 00:45:00","HUD VL",61758,84.91,2.03,-59.26
"01/18/2024 00:45:00","LONGIL",61762,86.21,2.50,-60.09
"01/18/2024 00:45:00","MHK VL",61756,38.95,0.83,-14.51
"01/18/2024 00:45:00","MILLWD",61759,86.09,2.20,-60.28
"01/18/2024 00:45:00","N.Y.C.",61761,86.22,2.41,-60.19
"01/18/2024 00:45:00","NORTH",61755,23.10,-0.52,0.00
"01/18/2024 00:45:00","NPX",61845,93.63,1.56,-68.45
"01/18/2024 00:45:00","O H",61846,30.10,-2.36,-8.85
"01/18/2024 00:45:00","PJM",61847,60.44,0.19,-36.63
"01/18/2024 00:45:00","WEST",61752,31.24,-1.98,-9.60
"01/18/2024 00:50:00","CAPITL",61757,117.72,1.20,-96.90
"01/18/2024 00:50:00","CENTRL",61754,32.30,-0.29,-12.96
"01/18/2024 00:50:00","DUNWOD",61760,97.98,1.87,-76.48
"01/18/2024 00:50:00","GENESE",61753,28.14,-1.02,-9.54
"01/18/2024 00:50:00","H Q",61844,19.30,-0.33,0.00
"01/18/2024 00:50:00","HUD VL",61758,96.80,1.71,-75.47
"01/18/2024 00:50:00","LONGIL",61762,99.65,2.10,-77.92
"01/18/2024 00:50:00","MHK VL",61756,38.79,0.69,-18.47
"01/18/2024 00:50:00","MILLWD",61759,98.24,1.84,-76.76
"01/18/2024 00:50:00","N.Y.C.",61761,129.06,2.00,-107.42
"01/18/2024 00:50:00","NORTH",61755,19.20,-0.43,0.00
"01/18/2024 00:50:00","NPX",61845,108.09,1.30,-87.17
"01/18/2024 00:50:00","O H",61846,28.95,-1.94,-11.27
"01/18/2024 00:50:00","PJM",61847,68.86,0.20,-49.03
"01/18/2024 00:50:00","WEST",61752,30.23,-1.63,-12.23
"01/18/2024 00:55:00","CAPITL",61757,53.44,1.85,-20.81
"01/18/2024 00:55:00","CENTRL",61754,33.14,-0.43,-2.78
"01/18/2024 00:55:00","DUNWOD",61760,50.14,2.93,-16.43
"01/18/2024 00:55:00","GENESE",61753,31.20,-1.63,-2.05
"01/18/2024 00:55:00","H Q",61844,30.26,-0.52,0.00
"01/18/2024 00:55:00","HUD VL",61758,49.67,2.68,-16.21
"01/18/2024 00:55:00","LONGIL",61762,53.81,3.30,-19.73
"01/18/2024 00:55:00","MHK VL",61756,35.89,1.14,-3.97
"01/18/2024 00:55:00","MILLWD",61759,50.16,2.89,-16.49
"01/18/2024 00:55:00","N.Y.C.",61761,122.98,3.14,-89.05
"01/18/2024 00:55:00","NORTH",61755,30.08,-0.71,0.00
"01/18/2024 00:55:00","NPX",61845,51.54,2.03,-18.72
"01/18/2024 00:55:00","O H",61846,30.13,-3.08,-2.42
"01/18/2024 00:55:00","PJM",61847,46.71,0.28,-15.65
"01/18/2024 00:55:00","WEST",61752,30.83,-2.59,-2.63
"01/18/2024 01:00:00","CAPITL",61757,170.05,1.24,-147.73
"01/18/2024 01:00:00","CENTRL",61754,37.06,-0.36,-16.33
"01/18/2024 01:00:00","DUNWOD",61760,139.65,1.96,-116.60
"01/18/2024 01:00:00","GENESE",61753,26.42,-1.20,-6.54
"01/18/2024 01:00:00","H Q",61844,20.74,-0.34,0.00
"01/18/2024 01:00:00","HUD VL",61758,137.95,1.81,-115.05
"01/18/2024 01:00:00","LONGIL",61762,139.93,2.19,-116.66
"01/18/2024 01:00:00","MHK VL",61756,53.58,0.76,-31.74
"01/18/2024 01:00:00","MILLWD",61759,140.05,1.94,-117.03
"01/18/2024 01:00:00","N.Y.C.",61761,139.94,2.15,-116.71
"01/18/2024 01:00:00","NORTH",61755,20.62,-0.46,0.00
"01/18/2024 01:00:00","NPX",61845,155.34,1.37,-132.89
"01/18/2024 01:00:00","O H",61846,25.33,-2.21,-6.46
"01/18/2024 01:00:00","PJM",61847,85.93,0.15,-64.71
"01/18/2024 01:00:00","WEST",61752,25.16,-1.77,-5.85
"01/18/2024 01:05:00","CAPITL",61757,117.68,1.24,-94.98
"01/18/2024 01:05:00","CENTRL",61754,33.80,-0.36,-12.71
"01/18/2024 01:05:00","DUNWOD",61760,98.38,1.95,-74.97
"01/18/2024 01:05:00","GENESE",61753,29.52,-1.29,-9.35
"01/18/2024 01:05:00","H Q",61844,21.13,-0.32,0.00
"01/18/2024 01:05:00","HUD VL",61758,97.23,1.80,-73.97
"01/18/2024 01:05:00","LONGIL",61762,98.63,2.17,-75.01
"01/18/2024 01:05:00","MHK VL",61756,40.33,0.77,-18.11
"01/18/2024 01:05:00","MILLWD",61759,98.63,1.93,-75.25
"01/18/2024 01:05:00","N.Y.C.",61761,98.64,2.15,-75.04
"01/18/2024 01:05:00","NORTH",61755,21.00,-0.45,0.00
"01/18/2024 01:05:00","NPX",61845,108.27,1.37,-85.44
"01/18/2024 01:05:00","O H",61846,30.12,-2.38,-11.04
"01/18/2024 01:05:00","PJM",61847,67.24,0.06,-45.72
"01/18/2024 01:05:00","WEST",61752,31.40,-2.04,-11.99
"01/18/2024 01:10:00","CAPITL",61757,129.47,2.34,-86.72
"01/18/2024 01:10:00","CENTRL",61754,44.99,-0.69,-5.27
"01/18/2024 01:10:00","DUNWOD",61760,112.59,3.76,-68.43
"01/18/2024 01:10:00","GENESE",61753,31.41,-2.14,6.85
"01/18/2024 01:10:00","H Q",61844,39.72,-0.69,0.00
"01/18/2024 01:10:00","HUD VL",61758,111.40,3.48,-67.52
"01/18/2024 01:10:00","LONGIL",61762,113.81,4.16,-69.25
"01/18/2024 01:10:00","MHK VL",61756,65.23,1.50,-23.33
"01/18/2024 01:10:00","MILLWD",61759,112.85,3.76,-68.69
"01/18/2024 01:10:00","N.Y.C.",61761,130.95,4.08,-86.47
"01/18/2024 01:10:00","NORTH",61755,26.74,-0.97,12.70
"01/18/2024 01:10:00","NPX",61845,121.07,2.67,-78.00
"01/18/2024 01:10:00","O H",61846,25.94,-3.96,10.50
"01/18/2024 01:10:00","PJM",61847,71.53,0.36,-30.77
"01/18/2024 01:10:00","WEST",61752,23.64,-3.15,13.62
"01/18/2024 01:15:00","CAPITL",61757,93.26,2.37,-50.80
"01/18/2024 01:15:00","CENTRL",61754,41.07,-0.72,-1.69
"01/18/2024 01:15:00","DUNWOD",61760,83.83,3.65,-40.08
"01/18/2024 01:15:00","GENESE",61753,30.48,-2.21,7.41
"01/18/2024 01:15:00","H Q",61844,39.45,-0.64,0.00
"01/18/2024 01:15:00","HUD VL",61758,83.01,3.37,-39.55
"01/18/2024 01:15:00","LONGIL",61762,86.21,4.05,-42.06
"01/18/2024 01:15:00","MHK VL",61756,56.77,1.48,-15.18
"01/18/2024 01:15:00","MILLWD",61759,83.98,3.65,-40.23
"01/18/2024 01:15:00","N.Y.C.",61761,129.30,3.97,-85.23
"01/18/2024 01:15:00","NORTH",61755,26.53,-0.92,12.64
"01/18/2024 01:15:00","NPX",61845,88.39,2.60,-45.69
"01/18/2024 01:15:00","O H",61846,25.43,-3.97,10.69
"01/18/2024 01:15:00","PJM",61847,58.25,0.28,-17.87
"01/18/2024 01:15:00","WEST",61752,23.54,-3.17,13.39
"01/18/2024 01:20:00","CAPITL",61757,99.92,3.22,-42.19
"01/18/2024 01:20:00","CENTRL",61754,50.36,-0.98,3.17
"01/18/2024 01:20:00","DUNWOD",61760,92.76,4.96,-33.29
"01/18/2024 01:20:00","GENESE",61753,34.51,-2.72,17.27
"01/18/2024 01:20:00","H Q",61844,53.64,-0.87,0.00
"01/18/2024 01:20:00","HUD VL",61758,91.94,4.58,-32.85
"01/18/2024 01:20:00","LONGIL",61762,95.05,5.50,-35.03
"01/18/2024 01:20:00","MHK VL",61756,74.05,1.96,-17.58
"01/18/2024 01:20:00","MILLWD",61759,92.89,4.96,-33.42
"01/18/2024 01:20:00","N.Y.C.",61761,132.94,5.40,-73.03
"01/18/2024 01:20:00","NORTH",61755,37.68,-1.25,15.58
"01/18/2024 01:20:00","NPX",61845,96.06,3.60,-37.95
"01/18/2024 01:20:00","O H",61846,25.69,-5.07,23.76
"01/18/2024 01:20:00","PJM",61847,61.02,0.38,-6.12
"01/18/2024 01:20:00","WEST",61752,21.61,-4.03,28.87
"01/18/2024 01:25:00","CAPITL",61757,82.06,3.74,-14.85
"01/18/2024 01:25:00","CENTRL",61754,54.10,-1.08,8.30
"01/18/2024 01:25:00","DUNWOD",61760,80.96,5.78,-11.71
"01/18/2024 01:25:00","GENESE",61753,36.70,-3.23,23.54
"01/18/2024 01:25:00","H Q",61844,62.46,-1.02,0.00
"01/18/2024 01:25:00","HUD VL",61758,80.42,5.39,-11.56
"01/18/2024 01:25:00","LONGIL",61762,81.60,6.41,-11.72
"01/18/2024 01:25:00","MHK VL",61756,79.74,2.28,-13.99
"01/18/2024 01:25:00","MILLWD",61759,81.01,5.78,-11.76
"01/18/2024 01:25:00","N.Y.C.",61761,81.55,6.35,-11.73
"01/18/2024 01:25:00","NORTH",61755,44.61,-1.46,17.40
"01/18/2024 01:25:00","NPX",61845,80.95,4.12,-13.35
"01/18/2024 01:25:00","O H",61846,25.73,-6.03,31.71
"01/18/2024 01:25:00","PJM",61847,51.09,0.45,12.83
"01/18/2024 01:25:00","WEST",61752,20.69,-4.76,38.02
"01/18/2024 01:30:00","CAPITL",61757,46.46,2.59,0.00
"01/18/2024 01:30:00","CENTRL",61754,38.78,-0.75,4.35
"01/18/2024 01:30:00","DUNWOD",61760,47.87,3.99,0.00
"01/18/2024 01:30:00","GENESE",61753,30.94,-2.37,10.56
"01/18/2024 01:30:00","H Q",61844,43.17,-0.70,0.00
"01/18/2024 01:30:00","HUD VL",61758,47.56,3.69,0.00
"01/18/2024 01:30:00","LONGIL",61762,48.31,4.43,0.00
"01/18/2024 01:30:00","MHK VL",61756,50.22,1.62,-4.72
"01/18/2024 01:30:00","MILLWD",61759,47.87,3.99,0.00
"01/18/2024 01:30:00","N.Y.C.",61761,48.30,4.34,-0.08
"01/18/2024 01:30:00","NORTH",61755,29.45,-1.01,13.41
"01/18/2024 01:30:00","NPX",61845,46.72,2.85,0.00
"01/18/2024 01:30:00","O H",61846,25.40,-4.34,14.13
"01/18/2024 01:30:00","PJM",61847,35.70,0.26,8.43
"01/18/2024 01:30:00","WEST",61752,23.55,-3.47,16.85
"01/18/2024 01:35:00","CAPITL",61757,46.59,1.96,-10.77
"01/18/2024 01:35:00","CENTRL",61754,34.32,-0.61,-1.08
"01/18/2024 01:35:00","DUNWOD",61760,45.43,3.08,-8.50
"01/18/2024 01:35:00","GENESE",61753,31.96,-2.07,-0.17
"01/18/2024 01:35:00","H Q",61844,33.34,-0.51,0.00
"01/18/2024 01:35:00","HUD VL",61758,45.08,2.84,-8.39
"01/18/2024 01:35:00","LONGIL",61762,49.25,3.42,-11.99
"01/18/2024 01:35:00","MHK VL",61756,37.51,1.22,-2.44
"01/18/2024 01:35:00","MILLWD",61759,45.43,3.05,-8.53
"01/18/2024 01:35:00","N.Y.C.",61761,125.93,3.32,-88.76
"01/18/2024 01:35:00","NORTH",61755,21.78,-0.68,11.39
"01/18/2024 01:35:00","NPX",61845,45.71,2.17,-9.69
"01/18/2024 01:35:00","O H",61846,30.15,-3.76,-0.06
"01/18/2024 01:35:00","PJM",61847,44.37,0.10,-10.42
"01/18/2024 01:35:00","WEST",61752,30.74,-3.05,0.06
"01/18/2024 01:40:00","CAPITL",61757,46.47,2.55,0.00
"01/18/2024 01:40:00","CENTRL",61754,38.07,-0.75,5.11
"01/18/2024 01:40:00","DUNWOD",61760,47.92,4.00,0.00
"01/18/2024 01:40:00","GENESE",61753,29.18,-2.33,12.41
"01/18/2024 01:40:00","H Q",61844,43.22,-0.70,0.00
"01/18/2024 01:40:00","HUD VL",61758,47.61,3.69,0.00
"01/18/2024 01:40:00","LONGIL",61762,51.73,4.43,-3.38
"01/18/2024 01:40:00","MHK VL",61756,51.09,1.63,-5.55
"01/18/2024 01:40:00","MILLWD",61759,47.87,3.95,0.00
"01/18/2024 01:40:00","N.Y.C.",61761,126.23,4.35,-77.96
"01/18/2024 01:40:00","NORTH",61755,29.48,-1.01,13.43
"01/18/2024 01:40:00","NPX",61845,46.73,2.81,0.00
"01/18/2024 01:40:00","O H",61846,23.06,-4.26,16.60
"01/18/2024 01:40:00","PJM",61847,40.09,0.31,4.14
"01/18/2024 01:40:00","WEST",61752,20.74,-3.38,19.80
"01/18/2024 01:45:00","CAPITL",61757,46.47,2.55,0.00
"01/18/2024 01:45:00","CENTRL",61754,38.77,-0.79,4.36
"01/18/2024 01:45:00","DUNWOD",61760,47.96,4.04,0.00
"01/18/2024 01:45:00","GENESE",61753,30.96,-2.37,10.59
"01/18/2024 01:45:00","H Q",61844,43.22,-0.70,0.00
"01/18/2024 01:45:00","HUD VL",61758,47.61,3.69,0.00
"01/18/2024 01:45:00","LONGIL",61762,48.36,4.43,0.00
"01/18/2024 01:45:00","MHK VL",61756,50.28,1.63,-4.73
"01/18/2024 01:45:00","MILLWD",61759,47.92,4.00,0.00
"01/18/2024 01:45:00","N.Y.C.",61761,48.35,4.35,-0.08
"01/18/2024 01:45:00","NORTH",61755,29.48,-1.01,13.43
"01/18/2024 01:45:00","NPX",61845,46.77,2.85,0.00
"01/18/2024 01:45:00","O H",61846,25.40,-4.35,14.17
"01/18/2024 01:45:00","PJM",61847,35.77,0.31,8.46
"01/18/2024 01:45:00","WEST",61752,23.55,-3.47,16.90
"01/18/2024 01:50:00","CAPITL",61757,118.66,2.37,-75.44
"01/18/2024 01:50:00","CENTRL",61754,44.02,-0.73,-3.91
"01/18/2024 01:50:00","DUNWOD",61760,104.09,3.72,-59.52
"01/18/2024 01:50:00","GENESE",61753,31.03,-2.21,7.62
"01/18/2024 01:50:00","H Q",61844,40.20,-0.66,0.00
"01/18/2024 01:50:00","HUD VL",61758,103.02,3.43,-58.73
"01/18/2024 01:50:00","LONGIL",61762,105.65,4.08,-60.72
"01/18/2024 01:50:00","MHK VL",61756,63.36,1.47,-21.04
"01/18/2024 01:50:00","MILLWD",61759,104.32,3.72,-59.75
"01/18/2024 01:50:00","N.Y.C.",61761,131.07,4.05,-86.18
"01/18/2024 01:50:00","NORTH",61755,27.12,-0.94,12.80
"01/18/2024 01:50:00","NPX",61845,111.40,2.70,-67.85
"01/18/2024 01:50:00","O H",61846,25.46,-4.05,11.35
"01/18/2024 01:50:00","PJM",61847,67.39,0.29,-26.25
"01/18/2024 01:50:00","WEST",61752,23.18,-3.19,14.48
"01/18/2024 01:55:00","CAPITL",61757,117.69,1.37,-92.61
"01/18/2024 01:55:00","CENTRL",61754,33.58,-0.45,-10.33
"01/18/2024 01:55:00","DUNWOD",61760,98.91,2.13,-73.07
"01/18/2024 01:55:00","GENESE",61753,26.40,-1.40,-4.09
"01/18/2024 01:55:00","H Q",61844,23.35,-0.35,0.00
"01/18/2024 01:55:00","HUD VL",61758,97.78,1.97,-72.10
"01/18/2024 01:55:00","LONGIL",61762,99.18,2.35,-73.12
"01/18/2024 01:55:00","MHK VL",61756,44.35,0.83,-19.82
"01/18/2024 01:55:00","MILLWD",61759,99.17,2.11,-73.36
"01/18/2024 01:55:00","N.Y.C.",61761,99.22,2.32,-73.19
"01/18/2024 01:55:00","NORTH",61755,23.23,-0.47,0.00
"01/18/2024 01:55:00","NPX",61845,108.54,1.54,-83.30
"01/18/2024 01:55:00","O H",61846,25.19,-2.56,-4.05
"01/18/2024 01:55:00","PJM",61847,64.31,0.05,-40.56
"01/18/2024 01:55:00","WEST",61752,25.26,-2.11,-3.67
"01/18/2024 02:00:00","CAPITL",61757,51.23,2.72,0.00
"01/18/2024 02:00:00","CENTRL",61754,47.65,-0.87,0.00
"01/18/2024 02:00:00","DUNWOD",61760,52.93,4.41,0.00
"01/18/2024 02:00:00","GENESE",61753,45.61,-2.91,0.00
"01/18/2024 02:00:00","H Q",61844,47.79,-0.73,0.00
"01/18/2024 02:00:00","HUD VL",61758,52.59,4.08,0.00
"01/18/2024 02:00:00","LONGIL",61762,53.42,4.90,0.00
"01/18/2024 02:00:00","MHK VL",61756,50.21,1.70,0.00
"01/18/2024 02:00:00","MILLWD",61759,52.89,4.37,0.00
"01/18/2024 02:00:00","N.Y.C.",61761,53.40,4.80,-0.08
"01/18/2024 02:00:00","NORTH",61755,47.50,-1.02,0.00
"01/18/2024 02:00:00","NPX",61845,51.67,3.15,0.00
"01/18/2024 02:00:00","O H",61846,43.23,-5.29,0.00
"01/18/2024 02:00:00","PJM",61847,48.72,0.19,-0.01
"01/18/2024 02:00:00","WEST",61752,44.15,-4.37,0.00
"01/18/2024 02:05:00","CAPITL",61757,47.51,2.52,0.00
"01/18/2024 02:05:00","CENTRL",61754,44.27,-0.72,0.00
"01/18/2024 02:05:00","DUNWOD",61760,49.09,4.09,0.00
"01/18/2024 02:05:00","GENESE",61753,42.34,-2.65,0.00
"01/18/2024 02:05:00","H Q",61844,44.32,-0.67,0.00
"01/18/2024 02:05:00","HUD VL",61758,48.78,3.78,0.00
"01/18/2024 02:05:00","LONGIL",61762,52.61,4.54,-3.07
"01/18/2024 02:05:00","MHK VL",61756,46.66,1.67,0.00
"01/18/2024 02:05:00","MILLWD",61759,49.09,4.09,0.00
"01/18/2024 02:05:00","N.Y.C.",61761,120.30,4.46,-70.85
"01/18/2024 02:05:00","NORTH",61755,44.05,-0.95,0.00
"01/18/2024 02:05:00","NPX",61845,47.83,2.84,0.00
"01/18/2024 02:05:00","O H",61846,40.18,-4.81,0.00
"01/18/2024 02:05:00","PJM",61847,50.47,0.23,-5.25
"01/18/2024 02:05:00","WEST",61752,41.08,-3.92,0.00
"01/18/2024 02:10:00","CAPITL",61757,47.56,2.52,0.00
"01/18/2024 02:10:00","CENTRL",61754,44.32,-0.72,0.00
"01/18/2024 02:10:00","DUNWOD",61760,49.14,4.10,0.00
"01/18/2024 02:10:00","GENESE",61753,42.39,-2.66,0.00
"01/18/2024 02:10:00","H Q",61844,44.32,-0.72,0.00
"01/18/2024 02:10:00","HUD VL",61758,48.83,3.78,0.00
"01/18/2024 02:10:00","LONGIL",61762,52.71,4.60,-3.07
"01/18/2024 02:10:00","MHK VL",61756,46.71,1.67,0.00
"01/18/2024 02:10:00","MILLWD",61759,49.10,4.06,0.00
"01/18/2024 02:10:00","N.Y.C.",61761,117.22,4.42,-67.76
"01/18/2024 02:10:00","NORTH",61755,44.05,-0.99,0.00
"01/18/2024 02:10:00","NPX",61845,47.88,2.84,0.00
"01/18/2024 02:10:00","O H",61846,40.18,-4.87,0.00
"01/18/2024 02:10:00","PJM",61847,50.52,0.23,-5.25
"01/18/2024 02:10:00","WEST",61752,41.08,-3.96,0.00
"01/18/2024 02:15:00","CAPITL",61757,59.93,3.18,0.00
"01/18/2024 02:15:00","CENTRL",61754,55.79,-0.97,0.00
"01/18/2024 02:15:00","DUNWOD",61760,61.92,5.16,0.00
"01/18/2024 02:15:00","GENESE",61753,53.18,-3.57,0.00
"01/18/2024 02:15:00","H Q",61844,55.91,-0.85,0.00
"01/18/2024 02:15:00","HUD VL",61758,61.52,4.77,0.00
"01/18/2024 02:15:00","LONGIL",61762,65.05,5.79,-2.50
"01/18/2024 02:15:00","MHK VL",61756,58.80,2.04,0.00
"01/18/2024 02:15:00","MILLWD",61759,61.87,5.11,0.00
"01/18/2024 02:15:00","N.Y.C.",61761,117.54,5.57,-55.22
"01/18/2024 02:15:00","NORTH",61755,55.62,-1.13,0.00
"01/18/2024 02:15:00","NPX",61845,60.39,3.64,0.00
"01/18/2024 02:15:00","O H",61846,50.28,-6.47,0.00
"01/18/2024 02:15:00","PJM",61847,61.20,0.17,-4.28
"01/18/2024 02:15:00","WEST",61752,51.42,-5.34,0.00
"01/18/2024 02:20:00","CAPITL",61757,85.30,3.22,-25.62
"01/18/2024 02:20:00","CENTRL",61754,58.05,-1.01,-2.60
"01/18/2024 02:20:00","DUNWOD",61760,81.82,5.14,-20.22
"01/18/2024 02:20:00","GENESE",61753,53.40,-3.45,-0.39
"01/18/2024 02:20:00","H Q",61844,55.62,-0.85,0.00
"01/18/2024 02:20:00","HUD VL",61758,81.16,4.74,-19.95
"01/18/2024 02:20:00","LONGIL",61762,84.17,5.70,-22.01
"01/18/2024 02:20:00","MHK VL",61756,64.39,2.03,-5.90
"01/18/2024 02:20:00","MILLWD",61759,81.84,5.08,-20.30
"01/18/2024 02:20:00","N.Y.C.",61761,121.41,5.54,-59.41
"01/18/2024 02:20:00","NORTH",61755,55.39,-1.07,0.00
"01/18/2024 02:20:00","NPX",61845,83.18,3.67,-23.05
"01/18/2024 02:20:00","O H",61846,50.31,-6.27,-0.12
"01/18/2024 02:20:00","PJM",61847,70.35,0.23,-13.66
"01/18/2024 02:20:00","WEST",61752,51.32,-4.97,0.18
"01/18/2024 02:25:00","CAPITL",61757,85.42,3.21,-25.83
"01/18/2024 02:25:00","CENTRL",61754,57.99,-1.01,-2.62
"01/18/2024 02:25:00","DUNWOD",61760,81.90,5.13,-20.39
"01/18/2024 02:25:00","GENESE",61753,53.33,-3.44,-0.39
"01/18/2024 02:25:00","H Q",61844,55.54,-0.84,0.00
"01/18/2024 02:25:00","HUD VL",61758,81.23,4.74,-20.12
"01/18/2024 02:25:00","LONGIL",61762,84.24,5.69,-22.17
"01/18/2024 02:25:00","MHK VL",61756,64.35,2.03,-5.95
"01/18/2024 02:25:00","MILLWD",61759,81.92,5.08,-20.46
"01/18/2024 02:25:00","N.Y.C.",61761,121.42,5.53,-59.51
"01/18/2024 02:25:00","NORTH",61755,55.31,-1.07,0.00
"01/18/2024 02:25:00","NPX",61845,83.28,3.66,-23.24
"01/18/2024 02:25:00","O H",61846,50.36,-6.14,-0.12
"01/18/2024 02:25:00","PJM",61847,70.40,0.28,-13.74
"01/18/2024 02:25:00","WEST",61752,51.36,-4.85,0.18
"01/18/2024 02:30:00","CAPITL",61757,81.39,3.68,-13.11
"01/18/2024 02:30:00","CENTRL",61754,62.51,-1.10,0.99
"01/18/2024 02:30:00","DUNWOD",61760,80.89,5.94,-10.35
"01/18/2024 02:30:00","GENESE",61753,54.85,-3.68,6.07
"01/18/2024 02:30:00","H Q",61844,63.56,-1.04,0.00
"01/18/2024 02:30:00","HUD VL",61758,80.30,5.49,-10.21
"01/18/2024 02:30:00","LONGIL",61762,83.36,6.59,-12.17
"01/18/2024 02:30:00","MHK VL",61756,72.73,2.26,-5.87
"01/18/2024 02:30:00","MILLWD",61759,80.86,5.88,-10.39
"01/18/2024 02:30:00","N.Y.C.",61761,121.32,6.40,-50.32
"01/18/2024 02:30:00","NORTH",61755,63.18,-1.42,0.00
"01/18/2024 02:30:00","NPX",61845,80.59,4.20,-11.80
"01/18/2024 02:30:00","O H",61846,49.56,-6.72,8.32
"01/18/2024 02:30:00","PJM",61847,68.58,0.46,-3.52
"01/18/2024 02:30:00","WEST",61752,49.30,-5.23,10.07
"01/18/2024 02:35:00","CAPITL",61757,77.22,4.16,0.00
"01/18/2024 02:35:00","CENTRL",61754,67.22,-1.24,4.59
"01/18/2024 02:35:00","DUNWOD",61760,79.77,6.72,0.00
"01/18/2024 02:35:00","GENESE",61753,56.41,-4.24,12.40
"01/18/2024 02:35:00","H Q",61844,71.89,-1.17,0.00
"01/18/2024 02:35:00","HUD VL",61758,79.26,6.21,0.00
"01/18/2024 02:35:00","LONGIL",61762,82.31,7.46,-1.79
"01/18/2024 02:35:00","MHK VL",61756,81.33,2.63,-5.64
"01/18/2024 02:35:00","MILLWD",61759,79.70,6.65,0.00
"01/18/2024 02:35:00","N.Y.C.",61761,119.86,7.23,-39.57
"01/18/2024 02:35:00","NORTH",61755,71.52,-1.54,0.00
"01/18/2024 02:35:00","NPX",61845,77.80,4.75,0.00
"01/18/2024 02:35:00","O H",61846,48.79,-7.67,16.60
"01/18/2024 02:35:00","PJM",61847,66.65,0.44,6.85
"01/18/2024 02:35:00","WEST",61752,47.23,-6.06,19.76
"01/18/2024 02:40:00","CAPITL",61757,68.99,3.72,0.00
"01/18/2024 02:40:00","CENTRL",61754,62.02,-1.11,2.15
"01/18/2024 02:40:00","DUNWOD",61760,71.21,5.94,0.00
"01/18/2024 02:40:00","GENESE",61753,55.68,-3.79,5.80
"01/18/2024 02:40:00","H Q",61844,64.23,-1.05,0.00
"01/18/2024 02:40:00","HUD VL",61758,70.76,5.48,0.00
"01/18/2024 02:40:00","LONGIL",61762,71.87,6.59,0.00
"01/18/2024 02:40:00","MHK VL",61756,70.26,2.35,-2.64
"01/18/2024 02:40:00","MILLWD",61759,71.15,5.88,0.00
"01/18/2024 02:40:00","N.Y.C.",61761,71.82,6.46,-0.08
"01/18/2024 02:40:00","NORTH",61755,63.90,-1.37,0.00
"01/18/2024 02:40:00","NPX",61845,69.45,4.18,0.00
"01/18/2024 02:40:00","O H",61846,50.59,-6.92,7.76
"01/18/2024 02:40:00","PJM",61847,60.97,0.33,4.63
"01/18/2024 02:40:00","WEST",61752,50.61,-5.42,9.24
"01/18/2024 02:45:00","CAPITL",61757,77.22,4.16,0.00
"01/18/2024 02:45:00","CENTRL",61754,67.83,-1.24,3.98
"01/18/2024 02:45:00","DUNWOD",61760,79.77,6.72,0.00
"01/18/2024 02:45:00","GENESE",61753,58.06,-4.24,10.76
"01/18/2024 02:45:00","H Q",61844,71.89,-1.17,0.00
"01/18/2024 02:45:00","HUD VL",61758,79.26,6.21,0.00
"01/18/2024 02:45:00","LONGIL",61762,80.51,7.46,0.00
"01/18/2024 02:45:00","MHK VL",61756,80.58,2.63,-4.89
"01/18/2024 02:45:00","MILLWD",61759,79.70,6.65,0.00
"01/18/2024 02:45:00","N.Y.C.",61761,80.38,7.30,-0.01
"01/18/2024 02:45:00","NORTH",61755,71.60,-1.46,0.00
"01/18/2024 02:45:00","NPX",61845,77.80,4.75,0.00
"01/18/2024 02:45:00","O H",61846,50.92,-7.75,14.40
"01/18/2024 02:45:00","PJM",61847,64.90,0.44,8.60
"01/18/2024 02:45:00","WEST",61752,49.85,-6.06,17.14
"01/18/2024 02:50:00","CAPITL",61757,81.89,3.62,-14.73
"01/18/2024 02:50:00","CENTRL",61754,62.19,-1.14,0.22
"01/18/2024 02:50:00","DUNWOD",61760,80.95,5.78,-11.63
"01/18/2024 02:50:00","GENESE",61753,55.33,-3.81,4.40
"01/18/2024 02:50:00","H Q",61844,62.59,-0.95,0.00
"01/18/2024 02:50:00","HUD VL",61758,80.36,5.34,-11.47
"01/18/2024 02:50:00","LONGIL",61762,81.60,6.42,-11.63
"01/18/2024 02:50:00","MHK VL",61756,71.33,2.28,-5.50
"01/18/2024 02:50:00","MILLWD",61759,80.94,5.72,-11.67
"01/18/2024 02:50:00","N.Y.C.",61761,81.55,6.35,-11.65
"01/18/2024 02:50:00","NORTH",61755,62.40,-1.14,0.00
"01/18/2024 02:50:00","NPX",61845,80.93,4.13,-13.25
"01/18/2024 02:50:00","O H",61846,50.56,-6.86,6.12
"01/18/2024 02:50:00","PJM",61847,66.28,0.32,-2.41
"01/18/2024 02:50:00","WEST",61752,50.61,-5.47,7.47
"01/18/2024 02:55:00","CAPITL",61757,67.97,3.66,0.00
"01/18/2024 02:55:00","CENTRL",61754,61.31,-1.09,1.90
"01/18/2024 02:55:00","DUNWOD",61760,70.16,5.85,0.00
"01/18/2024 02:55:00","GENESE",61753,55.37,-3.79,5.14
"01/18/2024 02:55:00","H Q",61844,63.34,-0.96,0.00
"01/18/2024 02:55:00","HUD VL",61758,69.71,5.40,0.00
"01/18/2024 02:55:00","LONGIL",61762,70.80,6.49,0.00
"01/18/2024 02:55:00","MHK VL",61756,68.95,2.31,-2.34
"01/18/2024 02:55:00","MILLWD",61759,70.09,5.79,0.00
"01/18/2024 02:55:00","N.Y.C.",61761,70.75,6.43,-0.01
"01/18/2024 02:55:00","NORTH",61755,63.15,-1.16,0.00
"01/18/2024 02:55:00","NPX",61845,68.48,4.18,0.00
"01/18/2024 02:55:00","O H",61846,50.55,-6.88,6.88
"01/18/2024 02:55:00","PJM",61847,60.52,0.32,4.11
"01/18/2024 02:55:00","WEST",61752,50.65,-5.47,8.19
"01/18/2024 03:00:00","CAPITL",61757,59.55,3.10,0.00
"01/18/2024 03:00:00","CENTRL",61754,55.48,-0.96,0.00
"01/18/2024 03:00:00","DUNWOD",61760,61.58,5.14,0.00
"01/18/2024 03:00:00","GENESE",61753,53.05,-3.39,0.01
"01/18/2024 03:00:00","H Q",61844,55.60,-0.85,0.00
"01/18/2024 03:00:00","HUD VL",61758,61.19,4.74,0.00
"01/18/2024 03:00:00","LONGIL",61762,62.26,5.81,0.00
"01/18/2024 03:00:00","MHK VL",61756,58.48,2.03,0.00
"01/18/2024 03:00:00","MILLWD",61759,61.53,5.08,0.00
"01/18/2024 03:00:00","N.Y.C.",61761,62.10,5.64,-0.01
"01/18/2024 03:00:00","NORTH",61755,55.48,-0.96,0.00
"01/18/2024 03:00:00","NPX",61845,60.06,3.62,0.00
"01/18/2024 03:00:00","O H",61846,50.29,-6.15,0.01
"01/18/2024 03:00:00","PJM",61847,56.67,0.23,0.00
"01/18/2024 03:00:00","WEST",61752,51.47,-4.97,0.01
"01/18/2024 03:05:00","CAPITL",61757,77.15,4.02,0.00
"01/18/2024 03:05:00","CENTRL",61754,71.81,-1.31,0.00
"01/18/2024 03:05:00","DUNWOD",61760,79.78,6.65,0.00
"01/18/2024 03:05:00","GENESE",61753,68.44,-4.68,0.01
"01/18/2024 03:05:00","H Q",61844,72.10,-1.02,0.00
"01/18/2024 03:05:00","HUD VL",61758,79.27,6.14,0.00
"01/18/2024 03:05:00","LONGIL",61762,80.80,7.68,0.00
"01/18/2024 03:05:00","MHK VL",61756,75.69,2.56,0.00
"01/18/2024 03:05:00","MILLWD",61759,79.71,6.58,0.00
"01/18/2024 03:05:00","N.Y.C.",61761,80.38,7.24,-0.01
"01/18/2024 03:05:00","NORTH",61755,72.03,-1.09,0.00
"01/18/2024 03:05:00","NPX",61845,77.81,4.68,0.00
"01/18/2024 03:05:00","O H",61846,64.71,-8.41,0.01
"01/18/2024 03:05:00","PJM",61847,73.27,0.15,0.00
"01/18/2024 03:05:00","WEST",61752,66.32,-6.80,0.01
"01/18/2024 03:10:00","CAPITL",61757,67.97,3.60,0.00
"01/18/2024 03:10:00","CENTRL",61754,63.21,-1.16,0.00
"01/18/2024 03:10:00","DUNWOD",61760,70.23,5.86,0.00
"01/18/2024 03:10:00","GENESE",61753,60.31,-4.05,0.01
"01/18/2024 03:10:00","H Q",61844,63.47,-0.90,0.00
"01/18/2024 03:10:00","HUD VL",61758,69.78,5.41,0.00
"01/18/2024 03:10:00","LONGIL",61762,71.13,6.76,0.00
"01/18/2024 03:10:00","MHK VL",61756,66.56,2.19,0.00
"01/18/2024 03:10:00","MILLWD",61759,70.23,5.86,0.00
"01/18/2024 03:10:00","N.Y.C.",61761,70.82,6.44,-0.01
"01/18/2024 03:10:00","NORTH",61755,63.28,-1.09,0.00
"01/18/2024 03:10:00","NPX",61845,68.55,4.18,0.00
"01/18/2024 03:10:00","O H",61846,57.09,-7.27,0.01
"01/18/2024 03:10:00","PJM",61847,64.56,0.19,0.00
"01/18/2024 03:10:00","WEST",61752,58.44,-5.92,0.01
"01/18/2024 03:15:00","CAPITL",61757,81.70,3.56,-14.51
"01/18/2024 03:15:00","CENTRL",61754,61.86,-1.14,0.62
"01/18/2024 03:15:00","DUNWOD",61760,80.93,5.85,-11.46
"01/18/2024 03:15:00","GENESE",61753,54.08,-3.88,5.66
"01/18/2024 03:15:00","H Q",61844,62.67,-0.95,0.00
"01/18/2024 03:15:00","HUD VL",61758,80.34,5.40,-11.31
"01/18/2024 03:15:00","LONGIL",61762,81.83,6.74,-11.47
"01/18/2024 03:15:00","MHK VL",61756,71.74,2.10,-6.02
"01/18/2024 03:15:00","MILLWD",61759,80.98,5.85,-11.50
"01/18/2024 03:15:00","N.Y.C.",61761,81.49,6.36,-11.51
"01/18/2024 03:15:00","NORTH",61755,62.48,-1.14,0.00
"01/18/2024 03:15:00","NPX",61845,80.82,4.13,-13.06
"01/18/2024 03:15:00","O H",61846,48.83,-7.00,7.80
"01/18/2024 03:15:00","PJM",61847,65.33,0.38,-1.32
"01/18/2024 03:15:00","WEST",61752,48.62,-5.54,9.47
"01/18/2024 03:20:00","CAPITL",61757,47.74,2.57,0.00
"01/18/2024 03:20:00","CENTRL",61754,44.40,-0.77,0.00
"01/18/2024 03:20:00","DUNWOD",61760,49.32,4.15,0.00
"01/18/2024 03:20:00","GENESE",61753,42.40,-2.76,0.01
"01/18/2024 03:20:00","H Q",61844,44.49,-0.68,0.00
"01/18/2024 03:20:00","HUD VL",61758,49.00,3.84,0.00
"01/18/2024 03:20:00","LONGIL",61762,49.91,4.74,0.00
"01/18/2024 03:20:00","MHK VL",61756,46.71,1.54,-0.01
"01/18/2024 03:20:00","MILLWD",61759,49.28,4.11,0.00
"01/18/2024 03:20:00","N.Y.C.",61761,49.69,4.52,-0.01
"01/18/2024 03:20:00","NORTH",61755,44.36,-0.81,0.00
"01/18/2024 03:20:00","NPX",61845,48.10,2.93,0.00
"01/18/2024 03:20:00","O H",61846,40.18,-4.97,0.02
"01/18/2024 03:20:00","PJM",61847,45.43,0.27,0.01
"01/18/2024 03:20:00","WEST",61752,41.22,-3.93,0.02
"01/18/2024 03:25:00","CAPITL",61757,47.38,2.51,0.00
"01/18/2024 03:25:00","CENTRL",61754,41.57,-0.76,2.54
"01/18/2024 03:25:00","DUNWOD",61760,48.96,4.08,0.00
"01/18/2024 03:25:00","GENESE",61753,35.13,-2.65,7.09
"01/18/2024 03:25:00","H Q",61844,44.20,-0.67,0.00
"01/18/2024 03:25:00","HUD VL",61758,48.68,3.81,0.00
"01/18/2024 03:25:00","LONGIL",61762,49.58,4.71,0.00
"01/18/2024 03:25:00","MHK VL",61756,49.62,1.53,-3.23
"01/18/2024 03:25:00","MILLWD",61759,48.96,4.08,0.00
"01/18/2024 03:25:00","N.Y.C.",61761,49.37,4.49,-0.01
"01/18/2024 03:25:00","NORTH",61755,44.07,-0.81,0.00
"01/18/2024 03:25:00","NPX",61845,47.79,2.92,0.00
"01/18/2024 03:25:00","O H",61846,30.59,-4.80,9.49
"01/18/2024 03:25:00","PJM",61847,39.48,0.27,5.67
"01/18/2024 03:25:00","WEST",61752,29.85,-3.72,11.30
"01/18/2024 03:30:00","CAPITL",61757,46.00,2.48,0.00
"01/18/2024 03:30:00","CENTRL",61754,42.74,-0.78,0.00
"01/18/2024 03:30:00","DUNWOD",61760,47.48,3.96,0.00
"01/18/2024 03:30:00","GENESE",61753,40.90,-2.61,0.01
"01/18/2024 03:30:00","H Q",61844,42.87,-0.65,0.00
"01/18/2024 03:30:00","HUD VL",61758,47.18,3.66,0.00
"01/18/2024 03:30:00","LONGIL",61762,48.09,4.57,0.00
"01/18/2024 03:30:00","MHK VL",61756,44.96,1.43,0.00
"01/18/2024 03:30:00","MILLWD",61759,47.48,3.96,0.00
"01/18/2024 03:30:00","N.Y.C.",61761,47.88,4.35,-0.01
"01/18/2024 03:30:00","NORTH",61755,42.74,-0.78,0.00
"01/18/2024 03:30:00","NPX",61845,46.35,2.83,0.00
"01/18/2024 03:30:00","O H",61846,38.77,-4.74,0.01
"01/18/2024 03:30:00","PJM",61847,43.69,0.17,0.00
"01/18/2024 03:30:00","WEST",61752,39.64,-3.87,0.01
"01/18/2024 03:35:00","CAPITL",61757,90.69,2.58,-42.90
"01/18/2024 03:35:00","CENTRL",61754,48.78,-0.81,-4.37
"01/18/2024 03:35:00","DUNWOD",61760,83.20,4.11,-33.87
"01/18/2024 03:35:00","GENESE",61753,43.06,-2.80,-0.65
"01/18/2024 03:35:00","H Q",61844,44.59,-0.63,0.00
"01/18/2024 03:35:00","HUD VL",61758,82.44,3.80,-33.42
"01/18/2024 03:35:00","LONGIL",61762,83.85,4.75,-33.89
"01/18/2024 03:35:00","MHK VL",61756,56.70,1.58,-9.90
"01/18/2024 03:35:00","MILLWD",61759,83.29,4.07,-34.00
"01/18/2024 03:35:00","N.Y.C.",61761,83.61,4.48,-33.91
"01/18/2024 03:35:00","NORTH",61755,44.45,-0.77,0.00
"01/18/2024 03:35:00","NPX",61845,86.76,2.94,-38.60
"01/18/2024 03:35:00","O H",61846,40.36,-5.06,-0.20
"01/18/2024 03:35:00","PJM",61847,63.20,0.18,-17.80
"01/18/2024 03:35:00","WEST",61752,40.91,-4.02,0.29
"01/18/2024 03:40:00","CAPITL",61757,56.20,3.03,0.00
"01/18/2024 03:40:00","CENTRL",61754,47.78,-0.96,4.44
"01/18/2024 03:40:00","DUNWOD",61760,58.01,4.84,0.00
"01/18/2024 03:40:00","GENESE",61753,37.62,-3.14,12.41
"01/18/2024 03:40:00","H Q",61844,52.38,-0.80,0.00
"01/18/2024 03:40:00","HUD VL",61758,57.64,4.47,0.00
"01/18/2024 03:40:00","LONGIL",61762,58.75,5.58,0.00
"01/18/2024 03:40:00","MHK VL",61756,60.57,1.75,-5.65
"01/18/2024 03:40:00","MILLWD",61759,57.96,4.79,0.00
"01/18/2024 03:40:00","N.Y.C.",61761,58.44,5.27,-0.01
"01/18/2024 03:40:00","NORTH",61755,52.22,-0.96,0.00
"01/18/2024 03:40:00","NPX",61845,56.63,3.45,0.00
"01/18/2024 03:40:00","O H",61846,30.94,-5.64,16.60
"01/18/2024 03:40:00","PJM",61847,43.52,0.27,9.92
"01/18/2024 03:40:00","WEST",61752,28.93,-4.47,19.77
"01/18/2024 03:45:00","CAPITL",61757,119.12,2.47,-73.33
"01/18/2024 03:45:00","CENTRL",61754,47.76,-0.78,-5.22
"01/18/2024 03:45:00","DUNWOD",61760,105.20,3.98,-57.89
"01/18/2024 03:45:00","GENESE",61753,35.67,-2.47,5.19
"01/18/2024 03:45:00","H Q",61844,42.67,-0.65,0.00
"01/18/2024 03:45:00","HUD VL",61758,104.14,3.68,-57.13
"01/18/2024 03:45:00","LONGIL",61762,105.84,4.59,-57.93
"01/18/2024 03:45:00","MHK VL",61756,64.53,1.43,-19.78
"01/18/2024 03:45:00","MILLWD",61759,105.43,3.98,-58.12
"01/18/2024 03:45:00","N.Y.C.",61761,105.66,4.37,-57.96
"01/18/2024 03:45:00","NORTH",61755,42.46,-0.87,0.00
"01/18/2024 03:45:00","NPX",61845,112.17,2.86,-65.99
"01/18/2024 03:45:00","O H",61846,30.79,-4.46,8.07
"01/18/2024 03:45:00","PJM",61847,69.02,0.31,-25.39
"01/18/2024 03:45:00","WEST",61752,29.25,-3.55,10.52
"01/18/2024 03:50:00","CAPITL",61757,96.15,1.88,-60.59
"01/18/2024 03:50:00","CENTRL",61754,39.24,-0.61,-6.17
"01/18/2024 03:50:00","DUNWOD",61760,84.61,3.10,-47.84
"01/18/2024 03:50:00","GENESE",61753,32.57,-2.02,-0.92
"01/18/2024 03:50:00","H Q",61844,33.20,-0.47,0.00
"01/18/2024 03:50:00","HUD VL",61758,83.75,2.86,-47.21
"01/18/2024 03:50:00","LONGIL",61762,85.11,3.57,-47.87
"01/18/2024 03:50:00","MHK VL",61756,48.76,1.11,-13.98
"01/18/2024 03:50:00","MILLWD",61759,84.80,3.10,-48.03
"01/18/2024 03:50:00","N.Y.C.",61761,84.96,3.37,-47.92
"01/18/2024 03:50:00","NORTH",61755,33.07,-0.61,0.00
"01/18/2024 03:50:00","NPX",61845,90.39,2.19,-54.53
"01/18/2024 03:50:00","O H",61846,30.36,-3.60,-0.29
"01/18/2024 03:50:00","PJM",61847,59.02,0.20,-25.14
"01/18/2024 03:50:00","WEST",61752,30.41,-2.86,0.40
"01/18/2024 03:55:00","CAPITL",61757,96.11,1.89,-60.47
"01/18/2024 03:55:00","CENTRL",61754,39.31,-0.61,-6.16
"01/18/2024 03:55:00","DUNWOD",61760,84.60,3.10,-47.74
"01/18/2024 03:55:00","GENESE",61753,32.61,-2.06,-0.92
"01/18/2024 03:55:00","H Q",61844,33.28,-0.47,0.00
"01/18/2024 03:55:00","HUD VL",61758,83.70,2.84,-47.12
"01/18/2024 03:55:00","LONGIL",61762,85.07,3.54,-47.77
"01/18/2024 03:55:00","MHK VL",61756,48.81,1.11,-13.95
"01/18/2024 03:55:00","MILLWD",61759,84.75,3.07,-47.93
"01/18/2024 03:55:00","N.Y.C.",61761,84.99,3.41,-47.83
"01/18/2024 03:55:00","NORTH",61755,33.11,-0.64,0.00
"01/18/2024 03:55:00","NPX",61845,90.36,2.19,-54.42
"01/18/2024 03:55:00","O H",61846,30.33,-3.71,-0.29
"01/18/2024 03:55:00","PJM",61847,59.01,0.17,-25.09
"01/18/2024 03:55:00","WEST",61752,30.35,-3.00,0.40
"01/18/2024 04:00:00","CAPITL",61757,46.53,1.90,-11.21
"01/18/2024 04:00:00","CENTRL",61754,34.11,-0.57,-1.26
"01/18/2024 04:00:00","DUNWOD",61760,45.34,3.07,-8.85
"01/18/2024 04:00:00","GENESE",61753,31.85,-2.07,-0.51
"01/18/2024 04:00:00","H Q",61844,32.91,-0.50,0.00
"01/18/2024 04:00:00","HUD VL",61758,44.99,2.84,-8.74
"01/18/2024 04:00:00","LONGIL",61762,45.78,3.51,-8.86
"01/18/2024 04:00:00","MHK VL",61756,36.98,1.14,-2.43
"01/18/2024 04:00:00","MILLWD",61759,45.34,3.04,-8.89
"01/18/2024 04:00:00","N.Y.C.",61761,45.63,3.34,-8.88
"01/18/2024 04:00:00","NORTH",61755,32.71,-0.70,0.00
"01/18/2024 04:00:00","NPX",61845,45.68,2.17,-10.09
"01/18/2024 04:00:00","O H",61846,30.15,-3.78,-0.51
"01/18/2024 04:00:00","PJM",61847,38.44,0.10,-4.93
"01/18/2024 04:00:00","WEST",61752,30.74,-3.14,-0.47
"01/18/2024 04:05:00","CAPITL",61757,133.39,1.02,-114.80
"01/18/2024 04:05:00","CENTRL",61754,26.77,-0.26,-9.46
"01/18/2024 04:05:00","DUNWOD",61760,109.86,1.65,-90.64
"01/18/2024 04:05:00","GENESE",61753,12.13,-0.93,4.52
"01/18/2024 04:05:00","H Q",61844,17.28,-0.30,0.00
"01/18/2024 04:05:00","HUD VL",61758,108.55,1.53,-89.45
"01/18/2024 04:05:00","LONGIL",61762,110.69,1.88,-91.24
"01/18/2024 04:05:00","MHK VL",61756,47.52,0.61,-29.33
"01/18/2024 04:05:00","MILLWD",61759,110.22,1.65,-91.00
"01/18/2024 04:05:00","N.Y.C.",61761,122.12,1.79,-102.75
"01/18/2024 04:05:00","NORTH",61755,17.15,-0.42,0.00
"01/18/2024 04:05:00","NPX",61845,122.05,1.16,-103.31
"01/18/2024 04:05:00","O H",61846,8.02,-1.74,7.81
"01/18/2024 04:05:00","PJM",61847,61.32,0.18,-43.56
"01/18/2024 04:05:00","WEST",61752,5.49,-1.35,10.73
"01/18/2024 04:10:00","CAPITL",61757,50.96,1.60,-21.27
"01/18/2024 04:10:00","CENTRL",61754,29.77,-0.48,-2.16
"01/18/2024 04:10:00","DUNWOD",61760,47.50,2.61,-16.80
"01/18/2024 04:10:00","GENESE",61753,26.76,-1.66,-0.33
"01/18/2024 04:10:00","H Q",61844,27.67,-0.42,0.00
"01/18/2024 04:10:00","HUD VL",61758,47.08,2.42,-16.58
"01/18/2024 04:10:00","LONGIL",61762,47.88,2.98,-16.81
"01/18/2024 04:10:00","MHK VL",61756,33.95,0.96,-4.91
"01/18/2024 04:10:00","MILLWD",61759,47.57,2.61,-16.87
"01/18/2024 04:10:00","N.Y.C.",61761,47.82,2.84,-16.89
"01/18/2024 04:10:00","NORTH",61755,27.55,-0.53,0.00
"01/18/2024 04:10:00","NPX",61845,49.06,1.82,-19.15
"01/18/2024 04:10:00","O H",61846,25.17,-3.03,-0.11
"01/18/2024 04:10:00","PJM",61847,37.10,0.17,-8.84
"01/18/2024 04:10:00","WEST",61752,25.46,-2.50,0.13
"01/18/2024 04:15:00","CAPITL",61757,49.07,1.82,-15.24
"01/18/2024 04:15:00","CENTRL",61754,33.49,-0.51,-2.00
"01/18/2024 04:15:00","DUNWOD",61760,47.02,2.98,-12.03
"01/18/2024 04:15:00","GENESE",61753,31.55,-1.95,-1.50
"01/18/2024 04:15:00","H Q",61844,31.53,-0.48,0.00
"01/18/2024 04:15:00","HUD VL",61758,46.60,2.72,-11.88
"01/18/2024 04:15:00","LONGIL",61762,47.41,3.36,-12.04
"01/18/2024 04:15:00","MHK VL",61756,36.08,1.12,-2.95
"01/18/2024 04:15:00","MILLWD",61759,47.07,2.98,-12.08
"01/18/2024 04:15:00","N.Y.C.",61761,47.32,3.23,-12.08
"01/18/2024 04:15:00","NORTH",61755,31.46,-0.54,0.00
"01/18/2024 04:15:00","NPX",61845,47.77,2.05,-13.72
"01/18/2024 04:15:00","O H",61846,30.16,-3.62,-1.77
"01/18/2024 04:15:00","PJM",61847,39.48,0.13,-7.34
"01/18/2024 04:15:00","WEST",61752,30.89,-3.04,-1.92
"01/18/2024 04:20:00","CAPITL",61757,44.37,2.38,-0.24
"01/18/2024 04:20:00","CENTRL",61754,41.11,-0.67,-0.03
"01/18/2024 04:20:00","DUNWOD",61760,45.78,3.84,-0.19
"01/18/2024 04:20:00","GENESE",61753,39.14,-2.63,-0.02
"01/18/2024 04:20:00","H Q",61844,41.12,-0.63,0.00
"01/18/2024 04:20:00","HUD VL",61758,45.48,3.55,-0.19
"01/18/2024 04:20:00","LONGIL",61762,46.32,4.38,-0.19
"01/18/2024 04:20:00","MHK VL",61756,43.26,1.46,-0.05
"01/18/2024 04:20:00","MILLWD",61759,45.78,3.84,-0.19
"01/18/2024 04:20:00","N.Y.C.",61761,46.17,4.21,-0.20
"01/18/2024 04:20:00","NORTH",61755,41.04,-0.71,0.00
"01/18/2024 04:20:00","NPX",61845,44.68,2.71,-0.21
"01/18/2024 04:20:00","O H",61846,36.98,-4.80,-0.03
"01/18/2024 04:20:00","PJM",61847,41.99,0.13,-0.12
"01/18/2024 04:20:00","WEST",61752,37.73,-4.05,-0.03
"01/18/2024 04:25:00","CAPITL",61757,46.36,2.13,-6.85
"01/18/2024 04:25:00","CENTRL",61754,37.44,-0.64,-0.70
"01/18/2024 04:25:00","DUNWOD",61760,46.27,3.48,-5.41
"01/18/2024 04:25:00","GENESE",61753,35.17,-2.32,-0.11
"01/18/2024 04:25:00","H Q",61844,36.82,-0.56,0.00
"01/18/2024 04:25:00","HUD VL",61758,45.94,3.22,-5.34
"01/18/2024 04:25:00","LONGIL",61762,46.72,3.92,-5.42
"01/18/2024 04:25:00","MHK VL",61756,40.27,1.31,-1.58
"01/18/2024 04:25:00","MILLWD",61759,46.29,3.48,-5.44
"01/18/2024 04:25:00","N.Y.C.",61761,46.63,3.81,-5.43
"01/18/2024 04:25:00","NORTH",61755,36.74,-0.64,0.00
"01/18/2024 04:25:00","NPX",61845,45.98,2.43,-6.17
"01/18/2024 04:25:00","O H",61846,33.20,-4.22,-0.04
"01/18/2024 04:25:00","PJM",61847,40.46,0.23,-2.85
"01/18/2024 04:25:00","WEST",61752,33.91,-3.44,0.04
"01/18/2024 04:30:00","CAPITL",61757,44.25,2.38,0.00
"01/18/2024 04:30:00","CENTRL",61754,41.19,-0.67,0.00
"01/18/2024 04:30:00","DUNWOD",61760,45.76,3.89,0.00
"01/18/2024 04:30:00","GENESE",61753,39.35,-2.51,0.00
"01/18/2024 04:30:00","H Q",61844,41.24,-0.63,0.00
"01/18/2024 04:30:00","HUD VL",61758,45.46,3.60,0.00
"01/18/2024 04:30:00","LONGIL",61762,46.26,4.39,0.00
"01/18/2024 04:30:00","MHK VL",61756,43.33,1.46,0.00
"01/18/2024 04:30:00","MILLWD",61759,45.76,3.89,0.00
"01/18/2024 04:30:00","N.Y.C.",61761,46.15,4.27,-0.01
"01/18/2024 04:30:00","NORTH",61755,41.11,-0.75,0.00
"01/18/2024 04:30:00","NPX",61845,44.58,2.72,0.00
"01/18/2024 04:30:00","O H",61846,37.26,-4.61,0.00
"01/18/2024 04:30:00","PJM",61847,42.12,0.25,0.00
"01/18/2024 04:30:00","WEST",61752,38.05,-3.81,0.00
"01/18/2024 04:35:00","CAPITL",61757,44.24,2.38,0.00
"01/18/2024 04:35:00","CENTRL",61754,41.18,-0.67,0.00
"01/18/2024 04:35:00","DUNWOD",61760,45.75,3.89,0.00
"01/18/2024 04:35:00","GENESE",61753,39.38,-2.47,0.01
"01/18/2024 04:35:00","H Q",61844,41.23,-0.63,0.00
"01/18/2024 04:35:00","HUD VL",61758,45.45,3.60,0.00
"01/18/2024 04:35:00","LONGIL",61762,46.25,4.39,0.00
"01/18/2024 04:35:00","MHK VL",61756,43.32,1.46,0.00
"01/18/2024 04:35:00","MILLWD",61759,45.75,3.89,0.00
"01/18/2024 04:35:00","N.Y.C.",61761,46.09,4.23,-0.01
"01/18/2024 04:35:00","NORTH",61755,41.14,-0.71,0.00
"01/18/2024 04:35:00","NPX",61845,44.54,2.68,0.00
"01/18/2024 04:35:00","O H",61846,37.29,-4.56,0.01
"01/18/2024 04:35:00","PJM",61847,42.10,0.25,0.00
"01/18/2024 04:35:00","WEST",61752,38.12,-3.73,0.01
"01/18/2024 04:40:00","CAPITL",61757,44.29,2.39,0.00
"01/18/2024 04:40:00","CENTRL",61754,41.23,-0.67,0.00
"01/18/2024 04:40:00","DUNWOD",61760,45.76,3.85,0.00
"01/18/2024 04:40:00","GENESE",61753,39.43,-2.47,0.00
"01/18/2024 04:40:00","H Q",61844,41.28,-0.63,0.00
"01/18/2024 04:40:00","HUD VL",61758,45.46,3.56,0.00
"01/18/2024 04:40:00","LONGIL",61762,46.30,4.40,0.00
"01/18/2024 04:40:00","MHK VL",61756,43.37,1.47,0.00
"01/18/2024 04:40:00","MILLWD",61759,45.76,3.85,0.00
"01/18/2024 04:40:00","N.Y.C.",61761,46.14,4.23,-0.01
"01/18/2024 04:40:00","NORTH",61755,41.19,-0.71,0.00
"01/18/2024 04:40:00","NPX",61845,44.59,2.68,0.00
"01/18/2024 04:40:00","O H",61846,37.29,-4.61,0.00
"01/18/2024 04:40:00","PJM",61847,42.16,0.25,0.00
"01/18/2024 04:40:00","WEST",61752,38.13,-3.77,0.00
"01/18/2024 04:45:00","CAPITL",61757,44.33,2.39,0.00
"01/18/2024 04:45:00","CENTRL",61754,41.32,-0.63,0.00
"01/18/2024 04:45:00","DUNWOD",61760,45.80,3.86,0.00
"01/18/2024 04:45:00","GENESE",61753,39.47,-2.47,0.00
"01/18/2024 04:45:00","H Q",61844,41.32,-0.63,0.00
"01/18/2024 04:45:00","HUD VL",61758,45.51,3.56,0.00
"01/18/2024 04:45:00","LONGIL",61762,46.35,4.40,0.00
"01/18/2024 04:45:00","MHK VL",61756,43.45,1.51,0.00
"01/18/2024 04:45:00","MILLWD",61759,45.80,3.86,0.00
"01/18/2024 04:45:00","N.Y.C.",61761,46.14,4.19,-0.01
"01/18/2024 04:45:00","NORTH",61755,41.23,-0.71,0.00
"01/18/2024 04:45:00","NPX",61845,44.63,2.69,0.00
"01/18/2024 04:45:00","O H",61846,37.33,-4.61,0.00
"01/18/2024 04:45:00","PJM",61847,42.15,0.21,0.00
"01/18/2024 04:45:00","WEST",61752,38.17,-3.77,0.00
"01/18/2024 04:50:00","CAPITL",61757,84.96,3.24,-24.93
"01/18/2024 04:50:00","CENTRL",61754,56.61,-0.91,-0.73
"01/18/2024 04:50:00","DUNWOD",61760,81.76,5.28,-19.69
"01/18/2024 04:50:00","GENESE",61753,48.81,-3.35,4.63
"01/18/2024 04:50:00","H Q",61844,55.88,-0.91,0.00
"01/18/2024 04:50:00","HUD VL",61758,81.11,4.88,-19.44
"01/18/2024 04:50:00","LONGIL",61762,82.58,6.08,-19.70
"01/18/2024 04:50:00","MHK VL",61756,66.81,2.04,-7.98
"01/18/2024 04:50:00","MILLWD",61759,81.85,5.28,-19.77
"01/18/2024 04:50:00","N.Y.C.",61761,82.31,5.80,-19.72
"01/18/2024 04:50:00","NORTH",61755,55.77,-1.02,0.00
"01/18/2024 04:50:00","NPX",61845,82.93,3.69,-22.44
"01/18/2024 04:50:00","O H",61846,43.96,-6.25,6.58
"01/18/2024 04:50:00","PJM",61847,63.48,0.34,-6.34
"01/18/2024 04:50:00","WEST",61752,43.65,-5.00,8.15
"01/18/2024 04:55:00","CAPITL",61757,67.97,3.66,0.00
"01/18/2024 04:55:00","CENTRL",61754,63.27,-1.03,0.00
"01/18/2024 04:55:00","DUNWOD",61760,70.29,5.98,0.00
"01/18/2024 04:55:00","GENESE",61753,60.38,-3.92,0.00
"01/18/2024 04:55:00","H Q",61844,63.34,-0.96,0.00
"01/18/2024 04:55:00","HUD VL",61758,69.84,5.53,0.00
"01/18/2024 04:55:00","LONGIL",61762,71.19,6.88,0.00
"01/18/2024 04:55:00","MHK VL",61756,66.62,2.31,0.00
"01/18/2024 04:55:00","MILLWD",61759,70.29,5.98,0.00
"01/18/2024 04:55:00","N.Y.C.",61761,70.81,6.49,-0.01
"01/18/2024 04:55:00","NORTH",61755,63.21,-1.09,0.00
"01/18/2024 04:55:00","NPX",61845,68.48,4.18,0.00
"01/18/2024 04:55:00","O H",61846,56.97,-7.33,0.00
"01/18/2024 04:55:00","PJM",61847,64.56,0.26,0.00
"01/18/2024 04:55:00","WEST",61752,58.26,-6.05,0.00
"01/18/2024 05:00:00","CAPITL",61757,26.06,1.43,0.00
"01/18/2024 05:00:00","CENTRL",61754,24.29,-0.34,0.00
"01/18/2024 05:00:00","DUNWOD",61760,27.02,2.39,0.00
"01/18/2024 05:00:00","GENESE",61753,23.25,-1.38,0.00
"01/18/2024 05:00:00","H Q",61844,24.19,-0.44,0.00
"01/18/2024 05:00:00","HUD VL",61758,26.82,2.19,0.00
"01/18/2024 05:00:00","LONGIL",61762,27.41,2.78,0.00
"01/18/2024 05:00:00","MHK VL",61756,25.52,0.89,0.00
"01/18/2024 05:00:00","MILLWD",61759,27.00,2.36,0.00
"01/18/2024 05:00:00","N.Y.C.",61761,27.23,2.59,-0.02
"01/18/2024 05:00:00","NORTH",61755,24.11,-0.52,0.00
"01/18/2024 05:00:00","NPX",61845,26.28,1.65,0.00
"01/18/2024 05:00:00","O H",61846,22.00,-2.64,0.00
"01/18/2024 05:00:00","PJM",61847,24.88,0.25,0.00
"01/18/2024 05:00:00","WEST",61752,22.54,-2.09,0.00
"01/18/2024 05:05:00","CAPITL",61757,52.52,1.43,-26.50
"01/18/2024 05:05:00","CENTRL",61754,27.76,-0.32,-3.48
"01/18/2024 05:05:00","DUNWOD",61760,47.91,2.39,-20.92
"01/18/2024 05:05:00","GENESE",61753,25.86,-1.35,-2.61
"01/18/2024 05:05:00","H Q",61844,24.16,-0.44,0.00
"01/18/2024 05:05:00","HUD VL",61758,47.44,2.19,-20.65
"01/18/2024 05:05:00","LONGIL",61762,48.37,2.83,-20.94
"01/18/2024 05:05:00","MHK VL",61756,30.65,0.91,-5.14
"01/18/2024 05:05:00","MILLWD",61759,48.00,2.39,-21.01
"01/18/2024 05:05:00","N.Y.C.",61761,48.17,2.61,-20.96
"01/18/2024 05:05:00","NORTH",61755,24.06,-0.54,0.00
"01/18/2024 05:05:00","NPX",61845,50.10,1.65,-23.85
"01/18/2024 05:05:00","O H",61846,25.10,-2.58,-3.08
"01/18/2024 05:05:00","PJM",61847,37.61,0.25,-12.76
"01/18/2024 05:05:00","WEST",61752,25.85,-2.09,-3.34
"01/18/2024 05:10:00","CAPITL",61757,52.63,1.45,-26.66
"01/18/2024 05:10:00","CENTRL",61754,27.76,-0.29,-3.52
"01/18/2024 05:10:00","DUNWOD",61760,47.95,2.38,-21.04
"01/18/2024 05:10:00","GENESE",61753,25.85,-1.30,-2.63
"01/18/2024 05:10:00","H Q",61844,24.09,-0.44,0.00
"01/18/2024 05:10:00","HUD VL",61758,47.48,2.18,-20.77
"01/18/2024 05:10:00","LONGIL",61762,50.41,2.84,-23.04
"01/18/2024 05:10:00","MHK VL",61756,30.50,0.93,-5.04
"01/18/2024 05:10:00","MILLWD",61759,48.03,2.38,-21.13
"01/18/2024 05:10:00","N.Y.C.",61761,91.92,2.57,-64.82
"01/18/2024 05:10:00","NORTH",61755,24.04,-0.49,0.00
"01/18/2024 05:10:00","NPX",61845,50.13,1.62,-23.98
"01/18/2024 05:10:00","O H",61846,25.10,-2.53,-3.10
"01/18/2024 05:10:00","PJM",61847,41.00,0.25,-16.23
"01/18/2024 05:10:00","WEST",61752,25.86,-2.04,-3.36
"01/18/2024 05:15:00","CAPITL",61757,52.58,1.45,-26.49
"01/18/2024 05:15:00","CENTRL",61754,27.84,-0.29,-3.50
"01/18/2024 05:15:00","DUNWOD",61760,47.93,2.39,-20.91
"01/18/2024 05:15:00","GENESE",61753,25.91,-1.33,-2.61
"01/18/2024 05:15:00","H Q",61844,24.19,-0.44,0.00
"01/18/2024 05:15:00","HUD VL",61758,47.47,2.19,-20.64
"01/18/2024 05:15:00","LONGIL",61762,48.39,2.83,-20.93
"01/18/2024 05:15:00","MHK VL",61756,30.55,0.91,-5.01
"01/18/2024 05:15:00","MILLWD",61759,48.00,2.36,-21.00
"01/18/2024 05:15:00","N.Y.C.",61761,48.19,2.59,-20.97
"01/18/2024 05:15:00","NORTH",61755,24.16,-0.47,0.00
"01/18/2024 05:15:00","NPX",61845,50.10,1.63,-23.84
"01/18/2024 05:15:00","O H",61846,25.13,-2.59,-3.08
"01/18/2024 05:15:00","PJM",61847,37.64,0.25,-12.76
"01/18/2024 05:15:00","WEST",61752,25.88,-2.09,-3.34
"01/18/2024 05:20:00","CAPITL",61757,103.11,1.12,-82.75
"01/18/2024 05:20:00","CENTRL",61754,29.93,-0.25,-10.93
"01/18/2024 05:20:00","DUNWOD",61760,86.39,1.83,-65.32
"01/18/2024 05:20:00","GENESE",61753,26.28,-1.12,-8.15
"01/18/2024 05:20:00","H Q",61844,18.92,-0.33,0.00
"01/18/2024 05:20:00","HUD VL",61758,85.42,1.69,-64.48
"01/18/2024 05:20:00","LONGIL",61762,88.21,2.19,-66.78
"01/18/2024 05:20:00","MHK VL",61756,35.63,0.73,-15.65
"01/18/2024 05:20:00","MILLWD",61759,86.66,1.83,-65.59
"01/18/2024 05:20:00","N.Y.C.",61761,117.80,2.00,-96.55
"01/18/2024 05:20:00","NORTH",61755,18.92,-0.33,0.00
"01/18/2024 05:20:00","NPX",61845,94.97,1.27,-74.46
"01/18/2024 05:20:00","O H",61846,26.73,-2.14,-9.62
"01/18/2024 05:20:00","PJM",61847,61.62,0.12,-42.26
"01/18/2024 05:20:00","WEST",61752,27.94,-1.75,-10.44
"01/18/2024 05:25:00","CAPITL",61757,102.51,1.19,-80.84
"01/18/2024 05:25:00","CENTRL",61754,30.90,-0.27,-10.68
"01/18/2024 05:25:00","DUNWOD",61760,86.26,1.97,-63.81
"01/18/2024 05:25:00","GENESE",61753,27.28,-1.17,-7.96
"01/18/2024 05:25:00","H Q",61844,20.14,-0.35,0.00
"01/18/2024 05:25:00","HUD VL",61758,85.25,1.78,-62.99
"01/18/2024 05:25:00","LONGIL",61762,88.71,2.33,-65.89
"01/18/2024 05:25:00","MHK VL",61756,36.55,0.78,-15.29
"01/18/2024 05:25:00","MILLWD",61759,86.51,1.95,-64.07
"01/18/2024 05:25:00","N.Y.C.",61761,131.42,2.13,-108.80
"01/18/2024 05:25:00","NORTH",61755,20.12,-0.37,0.00
"01/18/2024 05:25:00","NPX",61845,94.57,1.35,-72.73
"01/18/2024 05:25:00","O H",61846,27.63,-2.25,-9.40
"01/18/2024 05:25:00","PJM",61847,63.01,0.12,-42.40
"01/18/2024 05:25:00","WEST",61752,28.84,-1.84,-10.20
"01/18/2024 05:30:00","CAPITL",61757,119.18,1.06,-99.77
"01/18/2024 05:30:00","CENTRL",61754,31.29,-0.24,-13.18
"01/18/2024 05:30:00","DUNWOD",61760,98.86,1.76,-78.75
"01/18/2024 05:30:00","GENESE",61753,27.11,-1.06,-9.83
"01/18/2024 05:30:00","H Q",61844,18.04,-0.31,0.00
"01/18/2024 05:30:00","HUD VL",61758,97.70,1.62,-77.74
"01/18/2024 05:30:00","LONGIL",61762,99.26,2.11,-78.81
"01/18/2024 05:30:00","MHK VL",61756,37.93,0.71,-18.87
"01/18/2024 05:30:00","MILLWD",61759,99.19,1.76,-79.08
"01/18/2024 05:30:00","N.Y.C.",61761,99.17,1.91,-78.91
"01/18/2024 05:30:00","NORTH",61755,18.02,-0.33,0.00
"01/18/2024 05:30:00","NPX",61845,109.33,1.21,-89.77
"01/18/2024 05:30:00","O H",61846,27.90,-2.05,-11.60
"01/18/2024 05:30:00","PJM",61847,66.52,0.13,-48.04
"01/18/2024 05:30:00","WEST",61752,29.27,-1.67,-12.59
"01/18/2024 05:35:00","CAPITL",61757,46.99,1.51,-19.84
"01/18/2024 05:35:00","CENTRL",61754,27.96,-0.31,-2.62
"01/18/2024 05:35:00","DUNWOD",61760,43.77,2.46,-15.66
"01/18/2024 05:35:00","GENESE",61753,26.14,-1.46,-1.95
"01/18/2024 05:35:00","H Q",61844,25.18,-0.46,0.00
"01/18/2024 05:35:00","HUD VL",61758,43.36,2.26,-15.46
"01/18/2024 05:35:00","LONGIL",61762,44.26,2.95,-15.67
"01/18/2024 05:35:00","MHK VL",61756,30.42,1.03,-3.75
"01/18/2024 05:35:00","MILLWD",61759,43.83,2.46,-15.73
"01/18/2024 05:35:00","N.Y.C.",61761,44.02,2.69,-15.69
"01/18/2024 05:35:00","NORTH",61755,25.18,-0.46,0.00
"01/18/2024 05:35:00","NPX",61845,45.19,1.69,-17.85
"01/18/2024 05:35:00","O H",61846,25.13,-2.82,-2.31
"01/18/2024 05:35:00","PJM",61847,35.40,0.20,-9.55
"01/18/2024 05:35:00","WEST",61752,25.86,-2.28,-2.50
"01/18/2024 05:40:00","CAPITL",61757,47.13,1.51,-20.00
"01/18/2024 05:40:00","CENTRL",61754,27.96,-0.31,-2.64
"01/18/2024 05:40:00","DUNWOD",61760,43.87,2.46,-15.78
"01/18/2024 05:40:00","GENESE",61753,26.16,-1.43,-1.97
"01/18/2024 05:40:00","H Q",61844,25.16,-0.46,0.00
"01/18/2024 05:40:00","HUD VL",61758,43.46,2.26,-15.58
"01/18/2024 05:40:00","LONGIL",61762,44.39,2.97,-15.79
"01/18/2024 05:40:00","MHK VL",61756,30.43,1.03,-3.78
"01/18/2024 05:40:00","MILLWD",61759,43.93,2.46,-15.85
"01/18/2024 05:40:00","N.Y.C.",61761,44.11,2.69,-15.80
"01/18/2024 05:40:00","NORTH",61755,25.16,-0.46,0.00
"01/18/2024 05:40:00","NPX",61845,45.30,1.69,-17.99
"01/18/2024 05:40:00","O H",61846,25.13,-2.82,-2.33
"01/18/2024 05:40:00","PJM",61847,35.45,0.20,-9.63
"01/18/2024 05:40:00","WEST",61752,25.89,-2.25,-2.52
"01/18/2024 05:45:00","CAPITL",61757,167.85,0.82,-153.16
"01/18/2024 05:45:00","CENTRL",61754,33.94,-0.17,-20.24
"01/18/2024 05:45:00","DUNWOD",61760,136.09,1.32,-120.90
"01/18/2024 05:45:00","GENESE",61753,28.14,-0.82,-15.09
"01/18/2024 05:45:00","H Q",61844,13.62,-0.25,0.00
"01/18/2024 05:45:00","HUD VL",61758,134.43,1.22,-119.34
"01/18/2024 05:45:00","LONGIL",61762,136.44,1.59,-120.98
"01/18/2024 05:45:00","MHK VL",61756,43.39,0.56,-28.97
"01/18/2024 05:45:00","MILLWD",61759,136.59,1.32,-121.40
"01/18/2024 05:45:00","N.Y.C.",61761,136.32,1.43,-121.02
"01/18/2024 05:45:00","NORTH",61755,13.62,-0.25,0.00
"01/18/2024 05:45:00","NPX",61845,152.59,0.92,-137.81
"01/18/2024 05:45:00","O H",61846,30.09,-1.59,-17.81
"01/18/2024 05:45:00","PJM",61847,87.69,0.08,-73.74
"01/18/2024 05:45:00","WEST",61752,31.91,-1.29,-19.33
"01/18/2024 05:50:00","CAPITL",61757,170.28,0.92,-153.79
"01/18/2024 05:50:00","CENTRL",61754,35.71,-0.19,-20.32
"01/18/2024 05:50:00","DUNWOD",61760,138.43,1.46,-121.39
"01/18/2024 05:50:00","GENESE",61753,29.81,-0.92,-15.15
"01/18/2024 05:50:00","H Q",61844,15.30,-0.28,0.00
"01/18/2024 05:50:00","HUD VL",61758,136.76,1.35,-119.83
"01/18/2024 05:50:00","LONGIL",61762,138.84,1.79,-121.47
"01/18/2024 05:50:00","MHK VL",61756,45.29,0.62,-29.09
"01/18/2024 05:50:00","MILLWD",61759,138.94,1.46,-121.90
"01/18/2024 05:50:00","N.Y.C.",61761,138.68,1.59,-121.51
"01/18/2024 05:50:00","NORTH",61755,15.30,-0.28,0.00
"01/18/2024 05:50:00","NPX",61845,154.99,1.04,-138.37
"01/18/2024 05:50:00","O H",61846,31.64,-1.82,-17.88
"01/18/2024 05:50:00","PJM",61847,89.69,0.08,-74.04
"01/18/2024 05:50:00","WEST",61752,33.52,-1.46,-19.41
"01/18/2024 05:55:00","CAPITL",61757,170.23,0.99,-152.49
"01/18/2024 05:55:00","CENTRL",61754,36.71,-0.18,-20.15
"01/18/2024 05:55:00","DUNWOD",61760,138.71,1.59,-120.37
"01/18/2024 05:55:00","GENESE",61753,30.82,-0.95,-15.02
"01/18/2024 05:55:00","H Q",61844,16.45,-0.30,0.00
"01/18/2024 05:55:00","HUD VL",61758,137.02,1.46,-118.82
"01/18/2024 05:55:00","LONGIL",61762,139.12,1.93,-120.45
"01/18/2024 05:55:00","MHK VL",61756,46.31,0.72,-28.84
"01/18/2024 05:55:00","MILLWD",61759,139.21,1.59,-120.87
"01/18/2024 05:55:00","N.Y.C.",61761,138.95,1.71,-120.49
"01/18/2024 05:55:00","NORTH",61755,16.46,-0.28,0.00
"01/18/2024 05:55:00","NPX",61845,155.08,1.12,-137.21
"01/18/2024 05:55:00","O H",61846,32.61,-1.88,-17.73
"01/18/2024 05:55:00","PJM",61847,90.26,0.10,-73.41
"01/18/2024 05:55:00","WEST",61752,34.49,-1.51,-19.24
"01/18/2024 06:00:00","CAPITL",61757,167.60,0.87,-152.31
"01/18/2024 06:00:00","CENTRL",61754,34.43,-0.12,-20.12
"01/18/2024 06:00:00","DUNWOD",61760,136.08,1.43,-120.22
"01/18/2024 06:00:00","GENESE",61753,28.74,-0.69,-15.01
"01/18/2024 06:00:00","H Q",61844,14.11,-0.32,0.00
"01/18/2024 06:00:00","HUD VL",61758,134.41,1.31,-118.68
"01/18/2024 06:00:00","LONGIL",61762,142.42,1.76,-126.23
"01/18/2024 06:00:00","MHK VL",61756,43.85,0.62,-28.81
"01/18/2024 06:00:00","MILLWD",61759,136.58,1.43,-120.73
"01/18/2024 06:00:00","N.Y.C.",61761,136.31,1.54,-120.34
"01/18/2024 06:00:00","NORTH",61755,14.02,-0.40,0.00
"01/18/2024 06:00:00","NPX",61845,152.45,0.98,-137.04
"01/18/2024 06:00:00","O H",61846,30.70,-1.44,-17.71
"01/18/2024 06:00:00","PJM",61847,87.94,0.19,-73.32
"01/18/2024 06:00:00","WEST",61752,32.52,-1.13,-19.22
"01/18/2024 06:05:00","CAPITL",61757,133.49,1.16,-113.63
"01/18/2024 06:05:00","CENTRL",61754,33.68,-0.04,-15.01
"01/18/2024 06:05:00","DUNWOD",61760,110.36,1.96,-89.69
"01/18/2024 06:05:00","GENESE",61753,29.09,-0.80,-11.19
"01/18/2024 06:05:00","H Q",61844,18.22,-0.49,0.00
"01/18/2024 06:05:00","HUD VL",61758,109.04,1.80,-88.54
"01/18/2024 06:05:00","LONGIL",61762,149.72,2.39,-128.62
"01/18/2024 06:05:00","MHK VL",61756,41.04,0.84,-21.49
"01/18/2024 06:05:00","MILLWD",61759,110.73,1.96,-90.07
"01/18/2024 06:05:00","N.Y.C.",61761,110.66,2.13,-89.82
"01/18/2024 06:05:00","NORTH",61755,17.99,-0.71,0.00
"01/18/2024 06:05:00","NPX",61845,111.34,1.31,-91.33
"01/18/2024 06:05:00","O H",61846,30.18,-1.74,-13.21
"01/18/2024 06:05:00","PJM",61847,73.80,0.39,-54.71
"01/18/2024 06:05:00","WEST",61752,31.75,-1.29,-14.34
"01/18/2024 06:10:00","CAPITL",61757,133.57,1.55,-106.95
"01/18/2024 06:10:00","CENTRL",61754,39.24,-0.05,-14.24
"01/18/2024 06:10:00","DUNWOD",61760,112.09,2.63,-84.40
"01/18/2024 06:10:00","GENESE",61753,34.51,-1.08,-10.53
"01/18/2024 06:10:00","H Q",61844,24.43,-0.63,0.00
"01/18/2024 06:10:00","HUD VL",61758,110.79,2.41,-83.32
"01/18/2024 06:10:00","LONGIL",61762,146.87,3.21,-118.60
"01/18/2024 06:10:00","MHK VL",61756,46.23,1.13,-20.04
"01/18/2024 06:10:00","MILLWD",61759,112.39,2.61,-84.73
"01/18/2024 06:10:00","N.Y.C.",61761,137.86,2.83,-109.97
"01/18/2024 06:10:00","NORTH",61755,24.13,-0.93,0.00
"01/18/2024 06:10:00","NPX",61845,112.10,1.75,-85.29
"01/18/2024 06:10:00","O H",61846,35.11,-2.38,-12.43
"01/18/2024 06:10:00","PJM",61847,78.98,0.47,-53.45
"01/18/2024 06:10:00","WEST",61752,36.77,-1.78,-13.49
"01/18/2024 06:15:00","CAPITL",61757,179.90,1.01,-162.66
"01/18/2024 06:15:00","CENTRL",61754,37.79,-0.10,-21.65
"01/18/2024 06:15:00","DUNWOD",61760,146.28,1.69,-128.35
"01/18/2024 06:15:00","GENESE",61753,31.55,-0.70,-16.02
"01/18/2024 06:15:00","H Q",61844,15.85,-0.39,0.00
"01/18/2024 06:15:00","HUD VL",61758,144.50,1.54,-126.72
"01/18/2024 06:15:00","LONGIL",61762,146.71,2.05,-128.43
"01/18/2024 06:15:00","MHK VL",61756,47.43,0.71,-30.48
"01/18/2024 06:15:00","MILLWD",61759,146.76,1.67,-128.86
"01/18/2024 06:15:00","N.Y.C.",61761,146.54,1.82,-128.49
"01/18/2024 06:15:00","NORTH",61755,15.70,-0.54,0.00
"01/18/2024 06:15:00","NPX",61845,152.76,1.14,-135.39
"01/18/2024 06:15:00","O H",61846,33.59,-1.56,-18.91
"01/18/2024 06:15:00","PJM",61847,94.78,0.26,-78.28
"01/18/2024 06:15:00","WEST",61752,35.57,-1.18,-20.51
"01/18/2024 06:20:00","CAPITL",61757,177.52,1.15,-157.86
"01/18/2024 06:20:00","CENTRL",61754,39.44,-0.09,-21.01
"01/18/2024 06:20:00","DUNWOD",61760,144.97,1.89,-124.56
"01/18/2024 06:20:00","GENESE",61753,33.27,-0.80,-15.54
"01/18/2024 06:20:00","H Q",61844,18.09,-0.43,0.00
"01/18/2024 06:20:00","HUD VL",61758,143.24,1.74,-122.98
"01/18/2024 06:20:00","LONGIL",61762,145.79,2.33,-124.94
"01/18/2024 06:20:00","MHK VL",61756,48.91,0.81,-29.58
"01/18/2024 06:20:00","MILLWD",61759,145.46,1.89,-125.05
"01/18/2024 06:20:00","N.Y.C.",61761,145.26,2.06,-124.68
"01/18/2024 06:20:00","NORTH",61755,17.91,-0.61,0.00
"01/18/2024 06:20:00","NPX",61845,161.80,1.30,-141.98
"01/18/2024 06:20:00","O H",61846,35.09,-1.78,-18.35
"01/18/2024 06:20:00","PJM",61847,94.77,0.28,-75.97
"01/18/2024 06:20:00","WEST",61752,37.08,-1.35,-19.91
"01/18/2024 06:25:00","CAPITL",61757,185.60,1.09,-167.19
"01/18/2024 06:25:00","CENTRL",61754,39.50,-0.07,-22.25
"01/18/2024 06:25:00","DUNWOD",61760,151.01,1.77,-131.93
"01/18/2024 06:25:00","GENESE",61753,33.02,-0.76,-16.46
"01/18/2024 06:25:00","H Q",61844,16.90,-0.42,0.00
"01/18/2024 06:25:00","HUD VL",61758,149.21,1.65,-130.25
"01/18/2024 06:25:00","LONGIL",61762,151.45,2.13,-132.01
"01/18/2024 06:25:00","MHK VL",61756,49.42,0.78,-31.33
"01/18/2024 06:25:00","MILLWD",61759,151.54,1.78,-132.45
"01/18/2024 06:25:00","N.Y.C.",61761,151.29,1.92,-132.05
"01/18/2024 06:25:00","NORTH",61755,16.74,-0.57,0.00
"01/18/2024 06:25:00","NPX",61845,168.88,1.19,-150.38
"01/18/2024 06:25:00","O H",61846,35.09,-1.66,-19.44
"01/18/2024 06:25:00","PJM",61847,98.05,0.28,-80.46
"01/18/2024 06:25:00","WEST",61752,37.14,-1.26,-21.09
"01/18/2024 06:30:00","CAPITL",61757,183.38,1.11,-164.60
"01/18/2024 06:30:00","CENTRL",61754,39.52,-0.05,-21.91
"01/18/2024 06:30:00","DUNWOD",61760,149.37,1.82,-129.88
"01/18/2024 06:30:00","GENESE",61753,33.10,-0.78,-16.21
"01/18/2024 06:30:00","H Q",61844,17.24,-0.42,0.00
"01/18/2024 06:30:00","HUD VL",61758,147.58,1.68,-128.23
"01/18/2024 06:30:00","LONGIL",61762,149.77,2.14,-129.96
"01/18/2024 06:30:00","MHK VL",61756,49.31,0.80,-30.85
"01/18/2024 06:30:00","MILLWD",61759,149.88,1.82,-130.39
"01/18/2024 06:30:00","N.Y.C.",61761,149.64,1.96,-130.01
"01/18/2024 06:30:00","NORTH",61755,17.07,-0.60,0.00
"01/18/2024 06:30:00","NPX",61845,166.93,1.22,-148.04
"01/18/2024 06:30:00","O H",61846,35.09,-1.71,-19.13
"01/18/2024 06:30:00","PJM",61847,97.18,0.30,-79.21
"01/18/2024 06:30:00","WEST",61752,37.14,-1.29,-20.76
"01/18/2024 06:35:00","CAPITL",61757,185.55,1.11,-167.09
"01/18/2024 06:35:00","CENTRL",61754,39.52,-0.07,-22.24
"01/18/2024 06:35:00","DUNWOD",61760,150.98,1.79,-131.85
"01/18/2024 06:35:00","GENESE",61753,33.05,-0.75,-16.45
"01/18/2024 06:35:00","H Q",61844,16.93,-0.42,0.00
"01/18/2024 06:35:00","HUD VL",61758,149.19,1.67,-130.18
"01/18/2024 06:35:00","LONGIL",61762,151.36,2.08,-131.93
"01/18/2024 06:35:00","MHK VL",61756,49.46,0.80,-31.31
"01/18/2024 06:35:00","MILLWD",61759,151.50,1.79,-132.37
"01/18/2024 06:35:00","N.Y.C.",61761,151.27,1.94,-131.98
"01/18/2024 06:35:00","NORTH",61755,16.72,-0.62,0.00
"01/18/2024 06:35:00","NPX",61845,168.83,1.20,-150.29
"01/18/2024 06:35:00","O H",61846,35.09,-1.68,-19.42
"01/18/2024 06:35:00","PJM",61847,98.04,0.28,-80.41
"01/18/2024 06:35:00","WEST",61752,37.14,-1.28,-21.07
"01/18/2024 06:40:00","CAPITL",61757,185.49,1.10,-166.95
"01/18/2024 06:40:00","CENTRL",61754,39.59,-0.07,-22.22
"01/18/2024 06:40:00","DUNWOD",61760,150.98,1.80,-131.74
"01/18/2024 06:40:00","GENESE",61753,33.10,-0.78,-16.44
"01/18/2024 06:40:00","H Q",61844,17.02,-0.42,0.00
"01/18/2024 06:40:00","HUD VL",61758,149.16,1.66,-130.07
"01/18/2024 06:40:00","LONGIL",61762,151.33,2.07,-131.82
"01/18/2024 06:40:00","MHK VL",61756,49.53,0.80,-31.29
"01/18/2024 06:40:00","MILLWD",61759,151.49,1.80,-132.25
"01/18/2024 06:40:00","N.Y.C.",61761,151.25,1.94,-131.87
"01/18/2024 06:40:00","NORTH",61755,16.83,-0.61,0.00
"01/18/2024 06:40:00","NPX",61845,168.80,1.20,-150.16
"01/18/2024 06:40:00","O H",61846,35.11,-1.74,-19.41
"01/18/2024 06:40:00","PJM",61847,98.05,0.26,-80.35
"01/18/2024 06:40:00","WEST",61752,37.15,-1.34,-21.06
"01/18/2024 06:45:00","CAPITL",61757,185.60,1.11,-167.08
"01/18/2024 06:45:00","CENTRL",61754,39.57,-0.07,-22.24
"01/18/2024 06:45:00","DUNWOD",61760,151.04,1.79,-131.85
"01/18/2024 06:45:00","GENESE",61753,33.08,-0.78,-16.45
"01/18/2024 06:45:00","H Q",61844,16.99,-0.42,0.00
"01/18/2024 06:45:00","HUD VL",61758,149.25,1.67,-130.17
"01/18/2024 06:45:00","LONGIL",61762,151.38,2.05,-131.93
"01/18/2024 06:45:00","MHK VL",61756,49.52,0.80,-31.31
"01/18/2024 06:45:00","MILLWD",61759,151.56,1.79,-132.36
"01/18/2024 06:45:00","N.Y.C.",61761,151.31,1.93,-131.97
"01/18/2024 06:45:00","NORTH",61755,16.81,-0.59,0.00
"01/18/2024 06:45:00","NPX",61845,168.89,1.20,-150.28
"01/18/2024 06:45:00","O H",61846,35.09,-1.74,-19.42
"01/18/2024 06:45:00","PJM",61847,98.08,0.26,-80.41
"01/18/2024 06:45:00","WEST",61752,37.15,-1.32,-21.07
"01/18/2024 06:50:00","CAPITL",61757,183.27,1.56,-157.42
"01/18/2024 06:50:00","CENTRL",61754,45.15,-0.10,-20.95
"01/18/2024 06:50:00","DUNWOD",61760,151.02,2.50,-124.22
"01/18/2024 06:50:00","GENESE",61753,38.68,-1.12,-15.50
"01/18/2024 06:50:00","H Q",61844,23.71,-0.58,0.00
"01/18/2024 06:50:00","HUD VL",61758,149.25,2.31,-122.65
"01/18/2024 06:50:00","LONGIL",61762,151.43,2.84,-124.30
"01/18/2024 06:50:00","MHK VL",61756,54.94,1.14,-29.50
"01/18/2024 06:50:00","MILLWD",61759,151.50,2.50,-124.71
"01/18/2024 06:50:00","N.Y.C.",61761,151.34,2.70,-124.35
"01/18/2024 06:50:00","NORTH",61755,23.51,-0.78,0.00
"01/18/2024 06:50:00","NPX",61845,167.54,1.65,-141.59
"01/18/2024 06:50:00","O H",61846,40.11,-2.48,-18.30
"01/18/2024 06:50:00","PJM",61847,100.42,0.36,-75.76
"01/18/2024 06:50:00","WEST",61752,42.28,-1.87,-19.85
"01/18/2024 06:55:00","CAPITL",61757,181.53,1.58,-155.34
"01/18/2024 06:55:00","CENTRL",61754,45.20,-0.10,-20.68
"01/18/2024 06:55:00","DUNWOD",61760,149.73,2.54,-122.58
"01/18/2024 06:55:00","GENESE",61753,38.76,-1.16,-15.30
"01/18/2024 06:55:00","H Q",61844,24.05,-0.57,0.00
"01/18/2024 06:55:00","HUD VL",61758,148.00,2.36,-121.02
"01/18/2024 06:55:00","LONGIL",61762,150.12,2.85,-122.65
"01/18/2024 06:55:00","MHK VL",61756,54.89,1.16,-29.11
"01/18/2024 06:55:00","MILLWD",61759,150.21,2.54,-123.06
"01/18/2024 06:55:00","N.Y.C.",61761,150.06,2.73,-122.71
"01/18/2024 06:55:00","NORTH",61755,23.85,-0.76,0.00
"01/18/2024 06:55:00","NPX",61845,166.01,1.67,-139.72
"01/18/2024 06:55:00","O H",61846,40.12,-2.56,-18.06
"01/18/2024 06:55:00","PJM",61847,99.72,0.34,-74.76
"01/18/2024 06:55:00","WEST",61752,42.26,-1.95,-19.59
"01/18/2024 07:00:00","CAPITL",61757,182.78,1.55,-156.99
"01/18/2024 07:00:00","CENTRL",61754,45.13,0.00,-20.89
"01/18/2024 07:00:00","DUNWOD",61760,150.69,2.57,-123.88
"01/18/2024 07:00:00","GENESE",61753,38.68,-1.02,-15.46
"01/18/2024 07:00:00","H Q",61844,23.61,-0.63,0.00
"01/18/2024 07:00:00","HUD VL",61758,148.92,2.38,-122.31
"01/18/2024 07:00:00","LONGIL",61762,151.63,2.96,-124.43
"01/18/2024 07:00:00","MHK VL",61756,54.85,1.19,-29.42
"01/18/2024 07:00:00","MILLWD",61759,151.17,2.57,-124.36
"01/18/2024 07:00:00","N.Y.C.",61761,161.51,2.76,-134.51
"01/18/2024 07:00:00","NORTH",61755,23.42,-0.82,0.00
"01/18/2024 07:00:00","NPX",61845,167.11,1.67,-141.20
"01/18/2024 07:00:00","O H",61846,40.14,-2.35,-18.25
"01/18/2024 07:00:00","PJM",61847,101.09,0.48,-76.37
"01/18/2024 07:00:00","WEST",61752,42.32,-1.72,-19.80
"01/18/2024 07:05:00","CAPITL",61757,184.14,1.55,-158.77
"01/18/2024 07:05:00","CENTRL",61754,45.00,0.05,-21.13
"01/18/2024 07:05:00","DUNWOD",61760,151.73,2.62,-125.28
"01/18/2024 07:05:00","GENESE",61753,38.58,-0.88,-15.63
"01/18/2024 07:05:00","H Q",61844,23.16,-0.67,0.00
"01/18/2024 07:05:00","HUD VL",61758,149.92,2.41,-123.69
"01/18/2024 07:05:00","LONGIL",61762,153.12,3.10,-126.20
"01/18/2024 07:05:00","MHK VL",61756,54.82,1.24,-29.75
"01/18/2024 07:05:00","MILLWD",61759,152.22,2.62,-125.77
"01/18/2024 07:05:00","N.Y.C.",61761,170.42,2.79,-143.81
"01/18/2024 07:05:00","NORTH",61755,22.94,-0.88,0.00
"01/18/2024 07:05:00","NPX",61845,168.27,1.64,-142.80
"01/18/2024 07:05:00","O H",61846,40.14,-2.14,-18.46
"01/18/2024 07:05:00","PJM",61847,102.23,0.57,-77.84
"01/18/2024 07:05:00","WEST",61752,42.30,-1.55,-20.02
"01/18/2024 07:10:00","CAPITL",61757,179.69,2.43,-139.78
"01/18/2024 07:10:00","CENTRL",61754,56.09,0.08,-18.53
"01/18/2024 07:10:00","DUNWOD",61760,151.84,4.09,-110.27
"01/18/2024 07:10:00","GENESE",61753,49.75,-1.50,-13.77
"01/18/2024 07:10:00","H Q",61844,36.43,-1.05,0.00
"01/18/2024 07:10:00","HUD VL",61758,150.17,3.78,-108.91
"01/18/2024 07:10:00","LONGIL",61762,153.17,4.84,-110.85
"01/18/2024 07:10:00","MHK VL",61756,65.07,1.91,-25.68
"01/18/2024 07:10:00","MILLWD",61759,152.22,4.05,-110.69
"01/18/2024 07:10:00","N.Y.C.",61761,163.45,4.35,-121.62
"01/18/2024 07:10:00","NORTH",61755,36.17,-1.31,0.00
"01/18/2024 07:10:00","NPX",61845,165.76,2.58,-125.69
"01/18/2024 07:10:00","O H",61846,50.20,-3.52,-16.25
"01/18/2024 07:10:00","PJM",61847,106.43,0.82,-68.13
"01/18/2024 07:10:00","WEST",61752,52.57,-2.55,-17.64
"01/18/2024 07:15:00","CAPITL",61757,188.67,1.48,-164.01
"01/18/2024 07:15:00","CENTRL",61754,44.95,0.02,-21.75
"01/18/2024 07:15:00","DUNWOD",61760,155.09,2.53,-129.38
"01/18/2024 07:15:00","GENESE",61753,38.46,-0.88,-16.15
"01/18/2024 07:15:00","H Q",61844,22.53,-0.65,0.00
"01/18/2024 07:15:00","HUD VL",61758,153.31,2.34,-127.79
"01/18/2024 07:15:00","LONGIL",61762,156.02,2.94,-129.89
"01/18/2024 07:15:00","MHK VL",61756,54.47,1.16,-30.13
"01/18/2024 07:15:00","MILLWD",61759,155.56,2.50,-129.88
"01/18/2024 07:15:00","N.Y.C.",61761,164.70,2.69,-138.83
"01/18/2024 07:15:00","NORTH",61755,22.39,-0.79,0.00
"01/18/2024 07:15:00","NPX",61845,172.26,1.60,-147.48
"01/18/2024 07:15:00","O H",61846,40.11,-2.13,-19.06
"01/18/2024 07:15:00","PJM",61847,103.35,0.53,-79.64
"01/18/2024 07:15:00","WEST",61752,42.35,-1.53,-20.70
"01/18/2024 07:20:00","CAPITL",61757,69.61,4.25,0.00
"01/18/2024 07:20:00","CENTRL",61754,65.43,0.07,0.00
"01/18/2024 07:20:00","DUNWOD",61760,72.55,7.19,0.00
"01/18/2024 07:20:00","GENESE",61753,62.68,-2.68,0.00
"01/18/2024 07:20:00","H Q",61844,63.53,-1.83,0.00
"01/18/2024 07:20:00","HUD VL",61758,72.03,6.67,0.00
"01/18/2024 07:20:00","LONGIL",61762,77.75,8.69,-3.70
"01/18/2024 07:20:00","MHK VL",61756,68.69,3.33,0.00
"01/18/2024 07:20:00","MILLWD",61759,72.55,7.19,0.00
"01/18/2024 07:20:00","N.Y.C.",61761,154.15,7.64,-81.14
"01/18/2024 07:20:00","NORTH",61755,63.14,-2.22,0.00
"01/18/2024 07:20:00","NPX",61845,69.87,4.51,0.00
"01/18/2024 07:20:00","O H",61846,59.15,-6.21,0.00
"01/18/2024 07:20:00","PJM",61847,73.18,1.50,-6.32
"01/18/2024 07:20:00","WEST",61752,60.92,-4.45,0.00
"01/18/2024 07:25:00","CAPITL",61757,76.94,4.68,-0.24
"01/18/2024 07:25:00","CENTRL",61754,71.98,-0.07,-0.03
"01/18/2024 07:25:00","DUNWOD",61760,80.06,7.85,-0.19
"01/18/2024 07:25:00","GENESE",61753,68.95,-3.09,-0.02
"01/18/2024 07:25:00","H Q",61844,70.08,-1.94,0.00
"01/18/2024 07:25:00","HUD VL",61758,79.56,7.35,-0.19
"01/18/2024 07:25:00","LONGIL",61762,150.58,9.51,-69.06
"01/18/2024 07:25:00","MHK VL",61756,75.66,3.60,-0.04
"01/18/2024 07:25:00","MILLWD",61759,80.06,7.85,-0.19
"01/18/2024 07:25:00","N.Y.C.",61761,156.38,8.35,-76.01
"01/18/2024 07:25:00","NORTH",61755,69.71,-2.31,0.00
"01/18/2024 07:25:00","NPX",61845,77.20,4.97,-0.21
"01/18/2024 07:25:00","O H",61846,64.92,-7.13,-0.03
"01/18/2024 07:25:00","PJM",61847,79.55,1.51,-6.02
"01/18/2024 07:25:00","WEST",61752,66.86,-5.19,-0.03
"01/18/2024 07:30:00","CAPITL",61757,195.42,3.13,-144.07
"01/18/2024 07:30:00","CENTRL",61754,67.30,-0.14,-19.23
"01/18/2024 07:30:00","DUNWOD",61760,167.09,5.21,-113.66
"01/18/2024 07:30:00","GENESE",61753,60.41,-2.07,-14.26
"01/18/2024 07:30:00","H Q",61844,46.97,-1.25,0.00
"01/18/2024 07:30:00","HUD VL",61758,165.30,4.82,-112.26
"01/18/2024 07:30:00","LONGIL",61762,168.18,6.22,-113.73
"01/18/2024 07:30:00","MHK VL",61756,76.92,2.60,-26.10
"01/18/2024 07:30:00","MILLWD",61759,167.52,5.21,-114.09
"01/18/2024 07:30:00","N.Y.C.",61761,167.60,5.59,-113.79
"01/18/2024 07:30:00","NORTH",61755,46.72,-1.50,0.00
"01/18/2024 07:30:00","NPX",61845,181.10,3.32,-129.55
"01/18/2024 07:30:00","O H",61846,60.26,-4.77,-16.81
"01/18/2024 07:30:00","PJM",61847,118.49,0.91,-69.35
"01/18/2024 07:30:00","WEST",61752,62.90,-3.57,-18.25
"01/18/2024 07:35:00","CAPITL",61757,213.54,4.63,-137.70
"01/18/2024 07:35:00","CENTRL",61754,89.38,-0.21,-18.38
"01/18/2024 07:35:00","DUNWOD",61760,187.47,7.62,-108.64
"01/18/2024 07:35:00","GENESE",61753,81.78,-3.06,-13.63
"01/18/2024 07:35:00","H Q",61844,69.36,-1.85,0.00
"01/18/2024 07:35:00","HUD VL",61758,185.63,7.12,-107.30
"01/18/2024 07:35:00","LONGIL",61762,188.89,8.97,-108.71
"01/18/2024 07:35:00","MHK VL",61756,100.00,3.84,-24.95
"01/18/2024 07:35:00","MILLWD",61759,187.88,7.62,-109.05
"01/18/2024 07:35:00","N.Y.C.",61761,188.15,8.19,-108.75
"01/18/2024 07:35:00","NORTH",61755,69.08,-2.13,0.00
"01/18/2024 07:35:00","NPX",61845,200.02,4.98,-123.83
"01/18/2024 07:35:00","O H",61846,80.30,-6.98,-16.07
"01/18/2024 07:35:00","PJM",61847,138.78,1.28,-66.29
"01/18/2024 07:35:00","WEST",61752,83.46,-5.20,-17.44
"01/18/2024 07:40:00","CAPITL",61757,170.52,5.05,-87.68
"01/18/2024 07:40:00","CENTRL",61754,89.26,-0.23,-11.70
"01/18/2024 07:40:00","DUNWOD",61760,155.29,8.33,-69.17
"01/18/2024 07:40:00","GENESE",61753,83.13,-3.34,-8.68
"01/18/2024 07:40:00","H Q",61844,75.77,-2.02,0.00
"01/18/2024 07:40:00","HUD VL",61758,153.88,7.78,-68.32
"01/18/2024 07:40:00","LONGIL",61762,158.31,9.72,-70.80
"01/18/2024 07:40:00","MHK VL",61756,97.79,4.12,-15.89
"01/18/2024 07:40:00","MILLWD",61759,155.55,8.33,-69.43
"01/18/2024 07:40:00","N.Y.C.",61761,190.73,8.86,-104.08
"01/18/2024 07:40:00","NORTH",61755,75.46,-2.33,0.00
"01/18/2024 07:40:00","NPX",61845,162.07,5.44,-78.84
"01/18/2024 07:40:00","O H",61846,80.40,-7.62,-10.23
"01/18/2024 07:40:00","PJM",61847,124.18,1.47,-44.92
"01/18/2024 07:40:00","WEST",61752,83.22,-5.68,-11.11
"01/18/2024 07:45:00","CAPITL",61757,211.26,3.79,-149.19
"01/18/2024 07:45:00","CENTRL",61754,77.97,-0.23,-19.91
"01/18/2024 07:45:00","DUNWOD",61760,182.23,6.24,-117.70
"01/18/2024 07:45:00","GENESE",61753,70.61,-2.45,-14.77
"01/18/2024 07:45:00","H Q",61844,56.77,-1.52,0.00
"01/18/2024 07:45:00","HUD VL",61758,180.36,5.83,-116.25
"01/18/2024 07:45:00","LONGIL",61762,184.46,7.17,-119.00
"01/18/2024 07:45:00","MHK VL",61756,88.46,3.15,-27.03
"01/18/2024 07:45:00","MILLWD",61759,182.68,6.24,-118.15
"01/18/2024 07:45:00","N.Y.C.",61761,209.84,6.64,-144.91
"01/18/2024 07:45:00","NORTH",61755,56.59,-1.69,0.00
"01/18/2024 07:45:00","NPX",61845,196.52,4.08,-134.16
"01/18/2024 07:45:00","O H",61846,70.04,-5.65,-17.41
"01/18/2024 07:45:00","PJM",61847,133.31,1.10,-73.92
"01/18/2024 07:45:00","WEST",61752,72.99,-4.20,-18.90
"01/18/2024 07:50:00","CAPITL",61757,166.95,10.18,0.00
"01/18/2024 07:50:00","CENTRL",61754,156.45,-0.31,0.00
"01/18/2024 07:50:00","DUNWOD",61760,173.70,16.94,0.00
"01/18/2024 07:50:00","GENESE",61753,150.19,-6.58,0.00
"01/18/2024 07:50:00","H Q",61844,152.54,-4.23,0.00
"01/18/2024 07:50:00","HUD VL",61758,172.44,15.67,0.00
"01/18/2024 07:50:00","LONGIL",61762,176.63,19.59,-0.27
"01/18/2024 07:50:00","MHK VL",61756,165.23,8.46,0.00
"01/18/2024 07:50:00","MILLWD",61759,173.70,16.94,0.00
"01/18/2024 07:50:00","N.Y.C.",61761,180.60,17.86,-5.96
"01/18/2024 07:50:00","NORTH",61755,152.07,-4.70,0.00
"01/18/2024 07:50:00","NPX",61845,167.74,10.97,0.00
"01/18/2024 07:50:00","O H",61846,141.87,-14.90,0.00
"01/18/2024 07:50:00","PJM",61847,160.53,3.30,-0.46
"01/18/2024 07:50:00","WEST",61752,146.10,-10.67,0.00
"01/18/2024 07:55:00","CAPITL",61757,159.90,9.90,0.00
"01/18/2024 07:55:00","CENTRL",61754,149.85,-0.15,0.00
"01/18/2024 07:55:00","DUNWOD",61760,166.20,16.20,0.00
"01/18/2024 07:55:00","GENESE",61753,143.70,-6.29,0.00
"01/18/2024 07:55:00","H Q",61844,145.96,-4.04,0.00
"01/18/2024 07:55:00","HUD VL",61758,165.00,15.00,0.00
"01/18/2024 07:55:00","LONGIL",61762,169.92,18.75,-1.17
"01/18/2024 07:55:00","MHK VL",61756,158.09,8.09,0.00
"01/18/2024 07:55:00","MILLWD",61759,166.20,16.20,0.00
"01/18/2024 07:55:00","N.Y.C.",61761,192.85,17.09,-25.76
"01/18/2024 07:55:00","NORTH",61755,145.50,-4.50,0.00
"01/18/2024 07:55:00","NPX",61845,160.49,10.50,0.00
"01/18/2024 07:55:00","O H",61846,135.75,-14.25,0.00
"01/18/2024 07:55:00","PJM",61847,155.30,3.30,-2.01
"01/18/2024 07:55:00","WEST",61752,140.09,-9.90,0.00
"01/18/2024 08:00:00","CAPITL",61757,148.14,9.17,0.00
"01/18/2024 08:00:00","CENTRL",61754,138.97,0.00,0.00
"01/18/2024 08:00:00","DUNWOD",61760,153.85,14.88,0.00
"01/18/2024 08:00:00","GENESE",61753,133.41,-5.56,0.00
"01/18/2024 08:00:00","H Q",61844,135.23,-3.75,0.00
"01/18/2024 08:00:00","HUD VL",61758,152.73,13.76,0.00
"01/18/2024 08:00:00","LONGIL",61762,156.74,16.53,-1.24
"01/18/2024 08:00:00","MHK VL",61756,146.47,7.50,0.00
"01/18/2024 08:00:00","MILLWD",61759,153.70,14.72,0.00
"01/18/2024 08:00:00","N.Y.C.",61761,187.33,15.84,-32.52
"01/18/2024 08:00:00","NORTH",61755,134.81,-4.17,0.00
"01/18/2024 08:00:00","NPX",61845,148.84,9.87,0.00
"01/18/2024 08:00:00","O H",61846,126.33,-12.65,0.00
"01/18/2024 08:00:00","PJM",61847,144.15,3.05,-2.12
"01/18/2024 08:00:00","WEST",61752,130.22,-8.75,0.00
"01/18/2024 08:05:00","CAPITL",61757,167.25,5.11,-84.64
"01/18/2024 08:05:00","CENTRL",61754,88.48,-0.31,-11.30
"01/18/2024 08:05:00","DUNWOD",61760,152.41,8.13,-66.78
"01/18/2024 08:05:00","GENESE",61753,82.85,-3.02,-8.38
"01/18/2024 08:05:00","H Q",61844,75.48,-2.02,0.00
"01/18/2024 08:05:00","HUD VL",61758,150.96,7.51,-65.95
"01/18/2024 08:05:00","LONGIL",61762,153.74,8.75,-67.49
"01/18/2024 08:05:00","MHK VL",61756,96.94,4.10,-15.34
"01/18/2024 08:05:00","MILLWD",61759,152.66,8.13,-67.03
"01/18/2024 08:05:00","N.Y.C.",61761,174.37,8.68,-88.20
"01/18/2024 08:05:00","NORTH",61755,75.41,-2.09,0.00
"01/18/2024 08:05:00","NPX",61845,159.23,5.58,-76.16
"01/18/2024 08:05:00","O H",61846,80.32,-7.05,-9.88
"01/18/2024 08:05:00","PJM",61847,120.78,1.40,-41.89
"01/18/2024 08:05:00","WEST",61752,83.10,-5.12,-10.72
"01/18/2024 08:10:00","CAPITL",61757,211.22,3.81,-149.70
"01/18/2024 08:10:00","CENTRL",61754,77.43,-0.23,-19.94
"01/18/2024 08:10:00","DUNWOD",61760,181.92,6.06,-118.15
"01/18/2024 08:10:00","GENESE",61753,70.22,-2.31,-14.82
"01/18/2024 08:10:00","H Q",61844,56.22,-1.50,0.00
"01/18/2024 08:10:00","HUD VL",61758,180.09,5.66,-116.71
"01/18/2024 08:10:00","LONGIL",61762,182.30,6.35,-118.23
"01/18/2024 08:10:00","MHK VL",61756,87.66,3.06,-26.88
"01/18/2024 08:10:00","MILLWD",61759,182.41,6.06,-118.63
"01/18/2024 08:10:00","N.Y.C.",61761,182.59,6.52,-118.36
"01/18/2024 08:10:00","NORTH",61755,56.22,-1.50,0.00
"01/18/2024 08:10:00","NPX",61845,196.53,4.10,-134.71
"01/18/2024 08:10:00","O H",61846,69.83,-5.37,-17.48
"01/18/2024 08:10:00","PJM",61847,130.86,1.04,-72.10
"01/18/2024 08:10:00","WEST",61752,72.76,-3.93,-18.97
"01/18/2024 08:15:00","CAPITL",61757,168.82,5.12,-86.04
"01/18/2024 08:15:00","CENTRL",61754,88.80,-0.31,-11.46
"01/18/2024 08:15:00","DUNWOD",61760,153.71,8.15,-67.91
"01/18/2024 08:15:00","GENESE",61753,82.98,-3.19,-8.52
"01/18/2024 08:15:00","H Q",61844,75.71,-1.94,0.00
"01/18/2024 08:15:00","HUD VL",61758,152.35,7.61,-67.09
"01/18/2024 08:15:00","LONGIL",61762,155.92,8.62,-69.65
"01/18/2024 08:15:00","MHK VL",61756,97.22,4.11,-15.45
"01/18/2024 08:15:00","MILLWD",61759,153.99,8.15,-68.19
"01/18/2024 08:15:00","N.Y.C.",61761,192.01,8.70,-105.66
"01/18/2024 08:15:00","NORTH",61755,75.71,-1.94,0.00
"01/18/2024 08:15:00","NPX",61845,160.62,5.51,-77.45
"01/18/2024 08:15:00","O H",61846,80.32,-7.38,-10.05
"01/18/2024 08:15:00","PJM",61847,123.35,1.32,-44.37
"01/18/2024 08:15:00","WEST",61752,83.20,-5.36,-10.91
"01/18/2024 08:20:00","CAPITL",61757,210.63,4.72,-134.35
"01/18/2024 08:20:00","CENTRL",61754,89.24,-0.21,-17.90
"01/18/2024 08:20:00","DUNWOD",61760,185.10,7.51,-106.04
"01/18/2024 08:20:00","GENESE",61753,81.78,-3.07,-13.30
"01/18/2024 08:20:00","H Q",61844,69.77,-1.79,0.00
"01/18/2024 08:20:00","HUD VL",61758,183.32,7.02,-104.75
"01/18/2024 08:20:00","LONGIL",61762,183.31,7.87,-103.89
"01/18/2024 08:20:00","MHK VL",61756,99.47,3.79,-24.13
"01/18/2024 08:20:00","MILLWD",61759,185.54,7.51,-106.47
"01/18/2024 08:20:00","N.Y.C.",61761,209.94,8.01,-130.37
"01/18/2024 08:20:00","NORTH",61755,69.77,-1.79,0.00
"01/18/2024 08:20:00","NPX",61845,197.50,5.08,-120.87
"01/18/2024 08:20:00","O H",61846,80.30,-6.94,-15.69
"01/18/2024 08:20:00","PJM",61847,139.36,1.22,-66.59
"01/18/2024 08:20:00","WEST",61752,83.50,-5.08,-17.03
"01/18/2024 08:25:00","CAPITL",61757,149.06,9.22,-0.07
"01/18/2024 08:25:00","CENTRL",61754,139.36,-0.42,-0.01
"01/18/2024 08:25:00","DUNWOD",61760,154.50,14.67,-0.05
"01/18/2024 08:25:00","GENESE",61753,133.63,-6.15,-0.01
"01/18/2024 08:25:00","H Q",61844,136.14,-3.63,0.00
"01/18/2024 08:25:00","HUD VL",61758,153.67,13.84,-0.05
"01/18/2024 08:25:00","LONGIL",61762,157.74,15.51,-2.45
"01/18/2024 08:25:00","MHK VL",61756,147.61,7.82,-0.01
"01/18/2024 08:25:00","MILLWD",61759,154.50,14.67,-0.05
"01/18/2024 08:25:00","N.Y.C.",61761,209.97,15.79,-54.41
"01/18/2024 08:25:00","NORTH",61755,136.14,-3.63,0.00
"01/18/2024 08:25:00","NPX",61845,149.76,9.93,-0.06
"01/18/2024 08:25:00","O H",61846,126.23,-13.56,-0.01
"01/18/2024 08:25:00","PJM",61847,146.56,2.52,-4.27
"01/18/2024 08:25:00","WEST",61752,129.99,-9.79,-0.01
"01/18/2024 08:30:00","CAPITL",61757,122.76,5.61,-32.14
"01/18/2024 08:30:00","CENTRL",61754,88.86,-0.42,-4.28
"01/18/2024 08:30:00","DUNWOD",61760,119.30,8.92,-25.37
"01/18/2024 08:30:00","GENESE",61753,84.45,-3.74,-3.18
"01/18/2024 08:30:00","H Q",61844,82.88,-2.12,0.00
"01/18/2024 08:30:00","HUD VL",61758,118.40,8.34,-25.06
"01/18/2024 08:30:00","LONGIL",61762,124.12,9.69,-29.42
"01/18/2024 08:30:00","MHK VL",61756,95.53,4.76,-5.77
"01/18/2024 08:30:00","MILLWD",61759,119.40,8.92,-25.47
"01/18/2024 08:30:00","N.Y.C.",61761,208.62,9.60,-114.01
"01/18/2024 08:30:00","NORTH",61755,82.96,-2.04,0.00
"01/18/2024 08:30:00","NPX",61845,119.96,6.04,-28.92
"01/18/2024 08:30:00","O H",61846,80.43,-8.33,-3.75
"01/18/2024 08:30:00","PJM",61847,108.74,1.36,-22.38
"01/18/2024 08:30:00","WEST",61752,82.88,-6.20,-4.07
"01/18/2024 08:35:00","CAPITL",61757,122.75,5.59,-32.38
"01/18/2024 08:35:00","CENTRL",61754,88.76,-0.34,-4.31
"01/18/2024 08:35:00","DUNWOD",61760,119.32,8.98,-25.55
"01/18/2024 08:35:00","GENESE",61753,84.35,-3.64,-3.20
"01/18/2024 08:35:00","H Q",61844,82.67,-2.12,0.00
"01/18/2024 08:35:00","HUD VL",61758,118.34,8.31,-25.24
"01/18/2024 08:35:00","LONGIL",61762,124.23,9.83,-29.61
"01/18/2024 08:35:00","MHK VL",61756,95.09,4.49,-5.81
"01/18/2024 08:35:00","MILLWD",61759,119.34,8.90,-25.66
"01/18/2024 08:35:00","N.Y.C.",61761,208.62,9.58,-114.26
"01/18/2024 08:35:00","NORTH",61755,82.75,-2.04,0.00
"01/18/2024 08:35:00","NPX",61845,119.84,5.93,-29.13
"01/18/2024 08:35:00","O H",61846,80.34,-8.22,-3.78
"01/18/2024 08:35:00","PJM",61847,108.72,1.44,-22.50
"01/18/2024 08:35:00","WEST",61752,82.87,-6.02,-4.10
"01/18/2024 08:40:00","CAPITL",61757,159.04,9.70,0.00
"01/18/2024 08:40:00","CENTRL",61754,149.04,-0.30,0.00
"01/18/2024 08:40:00","DUNWOD",61760,165.32,15.99,0.00
"01/18/2024 08:40:00","GENESE",61753,143.21,-6.13,0.00
"01/18/2024 08:40:00","H Q",61844,145.45,-3.88,0.00
"01/18/2024 08:40:00","HUD VL",61758,164.27,14.93,0.00
"01/18/2024 08:40:00","LONGIL",61762,169.25,17.91,-2.00
"01/18/2024 08:40:00","MHK VL",61756,157.25,7.91,0.00
"01/18/2024 08:40:00","MILLWD",61759,165.32,15.99,0.00
"01/18/2024 08:40:00","N.Y.C.",61761,210.33,17.17,-43.82
"01/18/2024 08:40:00","NORTH",61755,145.31,-4.03,0.00
"01/18/2024 08:40:00","NPX",61845,159.94,10.60,0.00
"01/18/2024 08:40:00","O H",61846,135.60,-13.74,0.00
"01/18/2024 08:40:00","PJM",61847,155.74,2.99,-3.41
"01/18/2024 08:40:00","WEST",61752,139.78,-9.56,0.00
"01/18/2024 08:45:00","CAPITL",61757,133.33,8.13,-0.07
"01/18/2024 08:45:00","CENTRL",61754,124.90,-0.25,-0.01
"01/18/2024 08:45:00","DUNWOD",61760,138.83,13.64,-0.05
"01/18/2024 08:45:00","GENESE",61753,120.01,-5.14,-0.01
"01/18/2024 08:45:00","H Q",61844,121.88,-3.25,0.00
"01/18/2024 08:45:00","HUD VL",61758,137.82,12.63,-0.05
"01/18/2024 08:45:00","LONGIL",61762,144.11,15.64,-3.33
"01/18/2024 08:45:00","MHK VL",61756,131.78,6.63,-0.01
"01/18/2024 08:45:00","MILLWD",61759,138.71,13.52,-0.05
"01/18/2024 08:45:00","N.Y.C.",61761,211.65,14.51,-72.01
"01/18/2024 08:45:00","NORTH",61755,121.76,-3.37,0.00
"01/18/2024 08:45:00","NPX",61845,134.08,8.89,-0.06
"01/18/2024 08:45:00","O H",61846,113.51,-11.63,-0.01
"01/18/2024 08:45:00","PJM",61847,133.52,2.75,-5.64
"01/18/2024 08:45:00","WEST",61752,117.13,-8.01,-0.01
"01/18/2024 08:50:00","CAPITL",61757,141.81,8.54,0.00
"01/18/2024 08:50:00","CENTRL",61754,133.01,-0.27,0.00
"01/18/2024 08:50:00","DUNWOD",61760,147.80,14.53,0.00
"01/18/2024 08:50:00","GENESE",61753,128.07,-5.20,0.00
"01/18/2024 08:50:00","H Q",61844,129.81,-3.47,0.00
"01/18/2024 08:50:00","HUD VL",61758,146.73,13.46,0.00
"01/18/2024 08:50:00","LONGIL",61762,151.99,16.79,-1.93
"01/18/2024 08:50:00","MHK VL",61756,140.33,7.06,0.00
"01/18/2024 08:50:00","MILLWD",61759,147.80,14.53,0.00
"01/18/2024 08:50:00","N.Y.C.",61761,190.93,15.59,-42.07
"01/18/2024 08:50:00","NORTH",61755,129.68,-3.59,0.00
"01/18/2024 08:50:00","NPX",61845,142.60,9.33,0.00
"01/18/2024 08:50:00","O H",61846,121.28,-11.99,0.00
"01/18/2024 08:50:00","PJM",61847,139.48,2.93,-3.28
"01/18/2024 08:50:00","WEST",61752,125.14,-8.13,0.00
"01/18/2024 08:55:00","CAPITL",61757,141.35,8.51,0.00
"01/18/2024 08:55:00","CENTRL",61754,132.44,-0.40,0.00
"01/18/2024 08:55:00","DUNWOD",61760,147.45,14.61,0.00
"01/18/2024 08:55:00","GENESE",61753,127.66,-5.18,0.00
"01/18/2024 08:55:00","H Q",61844,129.38,-3.45,0.00
"01/18/2024 08:55:00","HUD VL",61758,146.25,13.41,0.00
"01/18/2024 08:55:00","LONGIL",61762,152.37,16.74,-2.80
"01/18/2024 08:55:00","MHK VL",61756,139.74,6.90,0.00
"01/18/2024 08:55:00","MILLWD",61759,147.32,14.48,0.00
"01/18/2024 08:55:00","N.Y.C.",61761,209.86,15.67,-61.36
"01/18/2024 08:55:00","NORTH",61755,129.26,-3.58,0.00
"01/18/2024 08:55:00","NPX",61845,142.13,9.30,0.00
"01/18/2024 08:55:00","O H",61846,120.88,-11.96,0.00
"01/18/2024 08:55:00","PJM",61847,140.54,2.92,-4.78
"01/18/2024 08:55:00","WEST",61752,124.60,-8.24,0.00
"01/18/2024 09:00:00","CAPITL",61757,140.53,8.46,-0.07
"01/18/2024 09:00:00","CENTRL",61754,131.49,-0.53,-0.01
"01/18/2024 09:00:00","DUNWOD",61760,146.33,14.26,-0.05
"01/18/2024 09:00:00","GENESE",61753,125.68,-6.33,-0.01
"01/18/2024 09:00:00","H Q",61844,128.72,-3.30,0.00
"01/18/2024 09:00:00","HUD VL",61758,145.54,13.47,-0.05
"01/18/2024 09:00:00","LONGIL",61762,150.77,16.63,-2.12
"01/18/2024 09:00:00","MHK VL",61756,138.88,6.86,-0.01
"01/18/2024 09:00:00","MILLWD",61759,146.33,14.26,-0.05
"01/18/2024 09:00:00","N.Y.C.",61761,195.17,15.31,-47.86
"01/18/2024 09:00:00","NORTH",61755,128.84,-3.17,0.00
"01/18/2024 09:00:00","NPX",61845,141.31,9.24,-0.06
"01/18/2024 09:00:00","O H",61846,118.29,-13.73,-0.01
"01/18/2024 09:00:00","PJM",61847,137.68,2.11,-3.57
"01/18/2024 09:00:00","WEST",61752,122.12,-9.90,-0.01
"01/18/2024 09:05:00","CAPITL",61757,175.94,2.97,-125.84
"01/18/2024 09:05:00","CENTRL",61754,63.60,-0.28,-16.75
"01/18/2024 09:05:00","DUNWOD",61760,151.39,4.99,-99.27
"01/18/2024 09:05:00","GENESE",61753,57.12,-2.45,-12.45
"01/18/2024 09:05:00","H Q",61844,46.04,-1.08,0.00
"01/18/2024 09:05:00","HUD VL",61758,150.14,4.67,-98.35
"01/18/2024 09:05:00","LONGIL",61762,153.94,5.65,-101.16
"01/18/2024 09:05:00","MHK VL",61756,72.12,2.40,-22.59
"01/18/2024 09:05:00","MILLWD",61759,151.93,4.99,-99.81
"01/18/2024 09:05:00","N.Y.C.",61761,194.29,5.37,-141.79
"01/18/2024 09:05:00","NORTH",61755,46.13,-0.99,0.00
"01/18/2024 09:05:00","NPX",61845,163.63,3.30,-113.21
"01/18/2024 09:05:00","O H",61846,56.63,-5.18,-14.69
"01/18/2024 09:05:00","PJM",61847,111.36,0.57,-63.66
"01/18/2024 09:05:00","WEST",61752,59.16,-3.91,-15.94
"01/18/2024 09:10:00","CAPITL",61757,195.62,1.82,-164.91
"01/18/2024 09:10:00","CENTRL",61754,50.96,-0.14,-22.21
"01/18/2024 09:10:00","DUNWOD",61760,162.10,3.06,-130.16
"01/18/2024 09:10:00","GENESE",61753,43.79,-1.39,-16.29
"01/18/2024 09:10:00","H Q",61844,28.19,-0.69,0.00
"01/18/2024 09:10:00","HUD VL",61758,160.58,2.89,-128.81
"01/18/2024 09:10:00","LONGIL",61762,164.94,3.41,-132.64
"01/18/2024 09:10:00","MHK VL",61756,59.96,1.50,-29.57
"01/18/2024 09:10:00","MILLWD",61759,162.76,3.06,-130.82
"01/18/2024 09:10:00","N.Y.C.",61761,215.11,3.29,-182.93
"01/18/2024 09:10:00","NORTH",61755,28.25,-0.64,0.00
"01/18/2024 09:10:00","NPX",61845,179.32,2.02,-148.42
"01/18/2024 09:10:00","O H",61846,45.16,-2.97,-19.25
"01/18/2024 09:10:00","PJM",61847,112.82,0.43,-83.50
"01/18/2024 09:10:00","WEST",61752,47.55,-2.22,-20.89
"01/18/2024 09:15:00","CAPITL",61757,183.05,1.38,-160.10
"01/18/2024 09:15:00","CENTRL",61754,43.07,-0.06,-21.57
"01/18/2024 09:15:00","DUNWOD",61760,150.26,2.33,-126.36
"01/18/2024 09:15:00","GENESE",61753,36.40,-0.99,-15.82
"01/18/2024 09:15:00","H Q",61844,21.01,-0.56,0.00
"01/18/2024 09:15:00","HUD VL",61758,148.80,2.18,-125.05
"01/18/2024 09:15:00","LONGIL",61762,153.37,2.61,-129.19
"01/18/2024 09:15:00","MHK VL",61756,51.42,1.14,-28.71
"01/18/2024 09:15:00","MILLWD",61759,150.90,2.33,-127.00
"01/18/2024 09:15:00","N.Y.C.",61761,210.85,2.50,-186.78
"01/18/2024 09:15:00","NORTH",61755,21.05,-0.52,0.00
"01/18/2024 09:15:00","NPX",61845,167.19,1.53,-144.09
"01/18/2024 09:15:00","O H",61846,38.13,-2.14,-18.69
"01/18/2024 09:15:00","PJM",61847,103.73,0.39,-81.78
"01/18/2024 09:15:00","WEST",61752,40.30,-1.55,-20.28
"01/18/2024 09:20:00","CAPITL",61757,179.05,1.40,-155.45
"01/18/2024 09:20:00","CENTRL",61754,43.05,-0.09,-20.94
"01/18/2024 09:20:00","DUNWOD",61760,147.26,2.38,-122.68
"01/18/2024 09:20:00","GENESE",61753,36.52,-1.04,-15.36
"01/18/2024 09:20:00","H Q",61844,21.67,-0.53,0.00
"01/18/2024 09:20:00","HUD VL",61758,145.83,2.22,-121.41
"01/18/2024 09:20:00","LONGIL",61762,150.57,2.69,-125.68
"01/18/2024 09:20:00","MHK VL",61756,51.25,1.18,-27.87
"01/18/2024 09:20:00","MILLWD",61759,147.89,2.38,-123.31
"01/18/2024 09:20:00","N.Y.C.",61761,211.60,2.55,-186.85
"01/18/2024 09:20:00","NORTH",61755,21.69,-0.51,0.00
"01/18/2024 09:20:00","NPX",61845,163.63,1.53,-139.90
"01/18/2024 09:20:00","O H",61846,38.11,-2.24,-18.15
"01/18/2024 09:20:00","PJM",61847,102.38,0.35,-79.83
"01/18/2024 09:20:00","WEST",61752,40.25,-1.64,-19.69
"01/18/2024 09:25:00","CAPITL",61757,77.93,4.68,-0.24
"01/18/2024 09:25:00","CENTRL",61754,72.68,-0.36,-0.03
"01/18/2024 09:25:00","DUNWOD",61760,81.09,7.89,-0.19
"01/18/2024 09:25:00","GENESE",61753,69.32,-3.72,-0.02
"01/18/2024 09:25:00","H Q",61844,71.26,-1.75,0.00
"01/18/2024 09:25:00","HUD VL",61758,80.57,7.37,-0.19
"01/18/2024 09:25:00","LONGIL",61762,88.25,9.20,-6.04
"01/18/2024 09:25:00","MHK VL",61756,76.92,3.87,-0.04
"01/18/2024 09:25:00","MILLWD",61759,81.09,7.89,-0.19
"01/18/2024 09:25:00","N.Y.C.",61761,209.81,8.54,-128.25
"01/18/2024 09:25:00","NORTH",61755,71.34,-1.68,0.00
"01/18/2024 09:25:00","NPX",61845,78.34,5.11,-0.21
"01/18/2024 09:25:00","O H",61846,65.23,-7.81,-0.03
"01/18/2024 09:25:00","PJM",61847,84.29,1.16,-10.11
"01/18/2024 09:25:00","WEST",61752,67.35,-5.70,-0.03
"01/18/2024 09:30:00","CAPITL",61757,80.81,4.13,-12.25
"01/18/2024 09:30:00","CENTRL",61754,65.70,-0.38,-1.65
"01/18/2024 09:30:00","DUNWOD",61760,81.06,6.96,-9.67
"01/18/2024 09:30:00","GENESE",61753,62.36,-3.28,-1.21
"01/18/2024 09:30:00","H Q",61844,62.95,-1.48,0.00
"01/18/2024 09:30:00","HUD VL",61758,80.51,6.51,-9.57
"01/18/2024 09:30:00","LONGIL",61762,87.80,8.18,-15.19
"01/18/2024 09:30:00","MHK VL",61756,70.04,3.41,-2.20
"01/18/2024 09:30:00","MILLWD",61759,81.05,6.90,-9.72
"01/18/2024 09:30:00","N.Y.C.",61761,202.23,7.47,-130.33
"01/18/2024 09:30:00","NORTH",61755,63.02,-1.42,0.00
"01/18/2024 09:30:00","NPX",61845,79.97,4.51,-11.03
"01/18/2024 09:30:00","O H",61846,58.90,-6.96,-1.43
"01/18/2024 09:30:00","PJM",61847,80.65,0.90,-15.31
"01/18/2024 09:30:00","WEST",61752,60.77,-5.22,-1.55
"01/18/2024 09:35:00","CAPITL",61757,76.96,4.63,-0.07
"01/18/2024 09:35:00","CENTRL",61754,71.84,-0.43,-0.01
"01/18/2024 09:35:00","DUNWOD",61760,80.12,7.81,-0.05
"01/18/2024 09:35:00","GENESE",61753,68.59,-3.68,-0.01
"01/18/2024 09:35:00","H Q",61844,70.60,-1.66,0.00
"01/18/2024 09:35:00","HUD VL",61758,79.69,7.37,-0.05
"01/18/2024 09:35:00","LONGIL",61762,148.98,9.25,-67.46
"01/18/2024 09:35:00","MHK VL",61756,76.10,3.83,-0.01
"01/18/2024 09:35:00","MILLWD",61759,80.12,7.81,-0.05
"01/18/2024 09:35:00","N.Y.C.",61761,194.30,8.45,-113.58
"01/18/2024 09:35:00","NORTH",61755,70.74,-1.52,0.00
"01/18/2024 09:35:00","NPX",61845,77.38,5.06,-0.06
"01/18/2024 09:35:00","O H",61846,64.54,-7.73,-0.01
"01/18/2024 09:35:00","PJM",61847,82.24,1.09,-8.89
"01/18/2024 09:35:00","WEST",61752,66.56,-5.71,-0.01
"01/18/2024 09:40:00","CAPITL",61757,79.36,4.78,0.00
"01/18/2024 09:40:00","CENTRL",61754,74.14,-0.44,0.00
"01/18/2024 09:40:00","DUNWOD",61760,82.72,8.13,0.00
"01/18/2024 09:40:00","GENESE",61753,70.86,-3.73,0.00
"01/18/2024 09:40:00","H Q",61844,72.79,-1.79,0.00
"01/18/2024 09:40:00","HUD VL",61758,82.20,7.61,0.00
"01/18/2024 09:40:00","LONGIL",61762,149.10,9.63,-64.89
"01/18/2024 09:40:00","MHK VL",61756,78.53,3.95,0.00
"01/18/2024 09:40:00","MILLWD",61759,82.64,8.06,0.00
"01/18/2024 09:40:00","N.Y.C.",61761,195.59,8.72,-112.28
"01/18/2024 09:40:00","NORTH",61755,73.09,-1.49,0.00
"01/18/2024 09:40:00","NPX",61845,79.80,5.22,0.00
"01/18/2024 09:40:00","O H",61846,66.75,-7.83,0.00
"01/18/2024 09:40:00","PJM",61847,84.56,1.19,-8.78
"01/18/2024 09:40:00","WEST",61752,68.84,-5.74,0.00
"01/18/2024 09:45:00","CAPITL",61757,81.23,4.00,-13.77
"01/18/2024 09:45:00","CENTRL",61754,64.87,-0.44,-1.86
"01/18/2024 09:45:00","DUNWOD",61760,81.18,6.86,-10.87
"01/18/2024 09:45:00","GENESE",61753,61.58,-3.23,-1.36
"01/18/2024 09:45:00","H Q",61844,62.00,-1.46,0.00
"01/18/2024 09:45:00","HUD VL",61758,80.56,6.34,-10.76
"01/18/2024 09:45:00","LONGIL",61762,148.90,8.12,-77.32
"01/18/2024 09:45:00","MHK VL",61756,69.29,3.36,-2.47
"01/18/2024 09:45:00","MILLWD",61759,81.24,6.86,-10.92
"01/18/2024 09:45:00","N.Y.C.",61761,159.91,7.42,-89.03
"01/18/2024 09:45:00","NORTH",61755,62.32,-1.14,0.00
"01/18/2024 09:45:00","NPX",61845,80.29,4.44,-12.39
"01/18/2024 09:45:00","O H",61846,58.28,-6.79,-1.61
"01/18/2024 09:45:00","PJM",61847,77.09,0.89,-12.74
"01/18/2024 09:45:00","WEST",61752,60.12,-5.08,-1.74
"01/18/2024 09:50:00","CAPITL",61757,82.51,3.85,-17.63
"01/18/2024 09:50:00","CENTRL",61754,62.92,-0.49,-2.37
"01/18/2024 09:50:00","DUNWOD",61760,81.54,6.59,-13.91
"01/18/2024 09:50:00","GENESE",61753,59.67,-3.11,-1.74
"01/18/2024 09:50:00","H Q",61844,59.64,-1.40,0.00
"01/18/2024 09:50:00","HUD VL",61758,80.91,6.10,-13.77
"01/18/2024 09:50:00","LONGIL",61762,148.88,7.81,-80.02
"01/18/2024 09:50:00","MHK VL",61756,67.37,3.17,-3.16
"01/18/2024 09:50:00","MILLWD",61759,81.55,6.53,-13.98
"01/18/2024 09:50:00","N.Y.C.",61761,156.14,7.08,-88.02
"01/18/2024 09:50:00","NORTH",61755,59.94,-1.10,0.00
"01/18/2024 09:50:00","NPX",61845,81.17,4.27,-15.86
"01/18/2024 09:50:00","O H",61846,56.69,-6.41,-2.06
"01/18/2024 09:50:00","PJM",61847,76.17,0.85,-14.28
"01/18/2024 09:50:00","WEST",61752,58.45,-4.82,-2.23
"01/18/2024 09:55:00","CAPITL",61757,81.29,4.06,-13.77
"01/18/2024 09:55:00","CENTRL",61754,64.87,-0.44,-1.86
"01/18/2024 09:55:00","DUNWOD",61760,81.18,6.86,-10.87
"01/18/2024 09:55:00","GENESE",61753,61.65,-3.17,-1.36
"01/18/2024 09:55:00","H Q",61844,62.00,-1.46,0.00
"01/18/2024 09:55:00","HUD VL",61758,80.56,6.34,-10.76
"01/18/2024 09:55:00","LONGIL",61762,149.85,8.19,-78.21
"01/18/2024 09:55:00","MHK VL",61756,69.22,3.30,-2.47
"01/18/2024 09:55:00","MILLWD",61759,81.24,6.86,-10.92
"01/18/2024 09:55:00","N.Y.C.",61761,156.17,7.42,-85.29
"01/18/2024 09:55:00","NORTH",61755,62.25,-1.21,0.00
"01/18/2024 09:55:00","NPX",61845,80.36,4.51,-12.39
"01/18/2024 09:55:00","O H",61846,58.40,-6.66,-1.61
"01/18/2024 09:55:00","PJM",61847,76.80,0.89,-12.45
"01/18/2024 09:55:00","WEST",61752,60.19,-5.01,-1.74
"01/18/2024 10:00:00","CAPITL",61757,138.16,3.25,-84.21
"01/18/2024 10:00:00","CENTRL",61754,61.74,-0.30,-11.34
"01/18/2024 10:00:00","DUNWOD",61760,122.60,5.43,-66.47
"01/18/2024 10:00:00","GENESE",61753,56.49,-2.53,-8.32
"01/18/2024 10:00:00","H Q",61844,49.54,-1.16,0.00
"01/18/2024 10:00:00","HUD VL",61758,121.50,5.02,-65.78
"01/18/2024 10:00:00","LONGIL",61762,147.40,6.49,-90.21
"01/18/2024 10:00:00","MHK VL",61756,68.44,2.63,-15.10
"01/18/2024 10:00:00","MILLWD",61759,122.88,5.37,-66.80
"01/18/2024 10:00:00","N.Y.C.",61761,133.06,5.88,-76.48
"01/18/2024 10:00:00","NORTH",61755,49.84,-0.86,0.00
"01/18/2024 10:00:00","NPX",61845,130.04,3.55,-75.79
"01/18/2024 10:00:00","O H",61846,55.26,-5.27,-9.83
"01/18/2024 10:00:00","PJM",61847,92.71,0.71,-41.29
"01/18/2024 10:00:00","WEST",61752,57.42,-3.95,-10.67
"01/18/2024 10:05:00","CAPITL",61757,173.82,2.06,-139.64
"01/18/2024 10:05:00","CENTRL",61754,50.71,-0.22,-18.81
"01/18/2024 10:05:00","DUNWOD",61760,145.73,3.40,-110.21
"01/18/2024 10:05:00","GENESE",61753,44.34,-1.57,-13.80
"01/18/2024 10:05:00","H Q",61844,31.41,-0.71,0.00
"01/18/2024 10:05:00","HUD VL",61758,144.37,3.18,-109.07
"01/18/2024 10:05:00","LONGIL",61762,146.88,3.98,-110.78
"01/18/2024 10:05:00","MHK VL",61756,58.86,1.70,-25.04
"01/18/2024 10:05:00","MILLWD",61759,146.29,3.40,-110.77
"01/18/2024 10:05:00","N.Y.C.",61761,157.24,3.66,-121.46
"01/18/2024 10:05:00","NORTH",61755,31.57,-0.55,0.00
"01/18/2024 10:05:00","NPX",61845,160.04,2.25,-125.68
"01/18/2024 10:05:00","O H",61846,45.14,-3.28,-16.30
"01/18/2024 10:05:00","PJM",61847,100.62,0.42,-68.08
"01/18/2024 10:05:00","WEST",61752,47.36,-2.44,-17.69
"01/18/2024 10:10:00","CAPITL",61757,174.07,2.03,-139.90
"01/18/2024 10:10:00","CENTRL",61754,50.52,-0.29,-18.67
"01/18/2024 10:10:00","DUNWOD",61760,146.06,3.41,-110.51
"01/18/2024 10:10:00","GENESE",61753,44.36,-1.61,-13.83
"01/18/2024 10:10:00","H Q",61844,31.43,-0.71,0.00
"01/18/2024 10:10:00","HUD VL",61758,144.60,3.18,-109.27
"01/18/2024 10:10:00","LONGIL",61762,148.64,4.02,-112.48
"01/18/2024 10:10:00","MHK VL",61756,59.17,1.73,-25.30
"01/18/2024 10:10:00","MILLWD",61759,146.62,3.41,-111.08
"01/18/2024 10:10:00","N.Y.C.",61761,188.18,3.69,-152.35
"01/18/2024 10:10:00","NORTH",61755,31.63,-0.52,0.00
"01/18/2024 10:10:00","NPX",61845,160.40,2.25,-126.01
"01/18/2024 10:10:00","O H",61846,45.14,-3.34,-16.35
"01/18/2024 10:10:00","PJM",61847,103.22,0.42,-70.67
"01/18/2024 10:10:00","WEST",61752,47.40,-2.47,-17.73
"01/18/2024 10:15:00","CAPITL",61757,106.47,3.62,-45.38
"01/18/2024 10:15:00","CENTRL",61754,63.00,-0.52,-6.06
"01/18/2024 10:15:00","DUNWOD",61760,99.40,6.09,-35.85
"01/18/2024 10:15:00","GENESE",61753,58.96,-2.99,-4.48
"01/18/2024 10:15:00","H Q",61844,56.25,-1.21,0.00
"01/18/2024 10:15:00","HUD VL",61758,98.60,5.69,-35.45
"01/18/2024 10:15:00","LONGIL",61762,139.48,7.18,-74.83
"01/18/2024 10:15:00","MHK VL",61756,68.77,3.10,-8.21
"01/18/2024 10:15:00","MILLWD",61759,99.53,6.03,-36.03
"01/18/2024 10:15:00","N.Y.C.",61761,97.71,6.61,-33.64
"01/18/2024 10:15:00","NORTH",61755,56.60,-0.86,0.00
"01/18/2024 10:15:00","NPX",61845,102.36,4.02,-40.88
"01/18/2024 10:15:00","O H",61846,56.67,-6.09,-5.30
"01/18/2024 10:15:00","PJM",61847,81.99,0.75,-23.78
"01/18/2024 10:15:00","WEST",61752,58.61,-4.60,-5.75
"01/18/2024 10:20:00","CAPITL",61757,106.54,4.46,-31.38
"01/18/2024 10:20:00","CENTRL",61754,74.33,-0.57,-4.19
"01/18/2024 10:20:00","DUNWOD",61760,103.06,7.57,-24.79
"01/18/2024 10:20:00","GENESE",61753,70.06,-3.75,-3.10
"01/18/2024 10:20:00","H Q",61844,69.15,-1.56,0.00
"01/18/2024 10:20:00","HUD VL",61758,102.22,7.00,-24.51
"01/18/2024 10:20:00","LONGIL",61762,139.67,8.98,-59.98
"01/18/2024 10:20:00","MHK VL",61756,80.20,3.82,-5.67
"01/18/2024 10:20:00","MILLWD",61759,103.11,7.49,-24.91
"01/18/2024 10:20:00","N.Y.C.",61761,12.98,8.13,65.85
"01/18/2024 10:20:00","NORTH",61755,69.57,-1.13,0.00
"01/18/2024 10:20:00","NPX",61845,103.92,4.95,-28.26
"01/18/2024 10:20:00","O H",61846,66.74,-7.64,-3.67
"01/18/2024 10:20:00","PJM",61847,88.41,0.92,-16.79
"01/18/2024 10:20:00","WEST",61752,69.02,-5.66,-3.98
"01/18/2024 10:25:00","CAPITL",61757,115.69,6.84,-0.30
"01/18/2024 10:25:00","CENTRL",61754,107.84,-0.75,-0.04
"01/18/2024 10:25:00","DUNWOD",61760,120.41,11.62,-0.24
"01/18/2024 10:25:00","GENESE",61753,102.82,-5.76,-0.03
"01/18/2024 10:25:00","H Q",61844,106.16,-2.39,0.00
"01/18/2024 10:25:00","HUD VL",61758,119.53,10.75,-0.23
"01/18/2024 10:25:00","LONGIL",61762,144.44,13.79,-22.10
"01/18/2024 10:25:00","MHK VL",61756,114.46,5.86,-0.05
"01/18/2024 10:25:00","MILLWD",61759,120.29,11.50,-0.24
"01/18/2024 10:25:00","N.Y.C.",61761,123.21,12.59,-2.07
"01/18/2024 10:25:00","NORTH",61755,106.81,-1.74,0.00
"01/18/2024 10:25:00","NPX",61845,116.42,7.60,-0.27
"01/18/2024 10:25:00","O H",61846,96.86,-11.73,-0.03
"01/18/2024 10:25:00","PJM",61847,110.30,1.52,-0.23
"01/18/2024 10:25:00","WEST",61752,99.90,-8.69,-0.04
"01/18/2024 10:30:00","CAPITL",61757,144.47,3.94,-78.07
"01/18/2024 10:30:00","CENTRL",61754,72.44,-0.43,-10.42
"01/18/2024 10:30:00","DUNWOD",61760,130.69,6.56,-61.67
"01/18/2024 10:30:00","GENESE",61753,67.12,-3.06,-7.72
"01/18/2024 10:30:00","H Q",61844,61.09,-1.37,0.00
"01/18/2024 10:30:00","HUD VL",61758,129.57,6.12,-60.98
"01/18/2024 10:30:00","LONGIL",61762,143.71,7.87,-73.38
"01/18/2024 10:30:00","MHK VL",61756,79.89,3.31,-14.12
"01/18/2024 10:30:00","MILLWD",61759,131.00,6.56,-61.99
"01/18/2024 10:30:00","N.Y.C.",61761,60.67,7.12,8.90
"01/18/2024 10:30:00","NORTH",61755,61.46,-1.00,0.00
"01/18/2024 10:30:00","NPX",61845,137.15,4.37,-70.32
"01/18/2024 10:30:00","O H",61846,65.21,-6.37,-9.12
"01/18/2024 10:30:00","PJM",61847,100.95,0.87,-37.61
"01/18/2024 10:30:00","WEST",61752,67.67,-4.69,-9.89
"01/18/2024 10:33:04","CAPITL",61757,173.51,2.88,-125.60
"01/18/2024 10:33:04","CENTRL",61754,61.47,-0.31,-16.76
"01/18/2024 10:33:04","DUNWOD",61760,148.88,4.64,-99.22
"01/18/2024 10:33:04","GENESE",61753,55.32,-2.12,-12.41
"01/18/2024 10:33:04","H Q",61844,44.03,-0.99,0.00
"01/18/2024 10:33:04","HUD VL",61758,147.45,4.32,-98.11
"01/18/2024 10:33:04","LONGIL",61762,149.69,5.40,-99.27
"01/18/2024 10:33:04","MHK VL",61756,70.25,2.52,-22.71
"01/18/2024 10:33:04","MILLWD",61759,149.38,4.64,-99.72
"01/18/2024 10:33:04","N.Y.C.",61761,36.32,5.00,13.70
"01/18/2024 10:33:04","NORTH",61755,44.30,-0.72,0.00
"01/18/2024 10:33:04","NPX",61845,163.12,3.20,-114.90
"01/18/2024 10:33:04","O H",61846,55.24,-4.46,-14.68
"01/18/2024 10:33:04","PJM",61847,106.12,0.58,-60.51
"01/18/2024 10:33:04","WEST",61752,57.65,-3.28,-15.92
"01/18/2024 10:34:27","CAPITL",61757,176.43,2.00,-142.67
"01/18/2024 10:34:27","CENTRL",61754,50.63,-0.16,-19.04
"01/18/2024 10:34:27","DUNWOD",61760,147.76,3.30,-112.70
"01/18/2024 10:34:27","GENESE",61753,44.45,-1.40,-14.10
"01/18/2024 10:34:27","H Q",61844,31.05,-0.70,0.00
"01/18/2024 10:34:27","HUD VL",61758,146.24,3.05,-111.44
"01/18/2024 10:34:27","LONGIL",61762,148.33,3.81,-112.77
"01/18/2024 10:34:27","MHK VL",61756,59.26,1.71,-25.80
"01/18/2024 10:34:27","MILLWD",61759,148.30,3.27,-113.28
"01/18/2024 10:34:27","N.Y.C.",61761,-36.52,3.56,71.82
"01/18/2024 10:34:27","NORTH",61755,31.24,-0.51,0.00
"01/18/2024 10:34:27","NPX",61845,164.25,2.22,-130.28
"01/18/2024 10:34:27","O H",61846,45.44,-2.99,-16.67
"01/18/2024 10:34:27","PJM",61847,101.00,0.51,-68.74
"01/18/2024 10:34:27","WEST",61752,47.71,-2.13,-18.08
"01/18/2024 10:35:00","CAPITL",61757,174.15,2.01,-140.26
"01/18/2024 10:35:00","CENTRL",61754,50.44,-0.16,-18.72
"01/18/2024 10:35:00","DUNWOD",61760,145.99,3.32,-110.79
"01/18/2024 10:35:00","GENESE",61753,44.40,-1.34,-13.86
"01/18/2024 10:35:00","H Q",61844,31.18,-0.70,0.00
"01/18/2024 10:35:00","HUD VL",61758,144.52,3.09,-109.55
"01/18/2024 10:35:00","LONGIL",61762,146.56,3.82,-110.86
"01/18/2024 10:35:00","MHK VL",61756,58.96,1.72,-25.36
"01/18/2024 10:35:00","MILLWD",61759,146.52,3.28,-111.36
"01/18/2024 10:35:00","N.Y.C.",61761,75.75,3.60,-40.27
"01/18/2024 10:35:00","NORTH",61755,31.40,-0.48,0.00
"01/18/2024 10:35:00","NPX",61845,162.21,2.23,-128.10
"01/18/2024 10:35:00","O H",61846,45.36,-2.90,-16.39
"01/18/2024 10:35:00","PJM",61847,99.99,0.54,-67.57
"01/18/2024 10:35:00","WEST",61752,47.61,-2.04,-17.77
"01/18/2024 10:40:00","CAPITL",61757,174.15,2.01,-140.26
"01/18/2024 10:40:00","CENTRL",61754,50.44,-0.16,-18.72
"01/18/2024 10:40:00","DUNWOD",61760,145.99,3.32,-110.79
"01/18/2024 10:40:00","GENESE",61753,44.40,-1.34,-13.86
"01/18/2024 10:40:00","H Q",61844,31.18,-0.70,0.00
"01/18/2024 10:40:00","HUD VL",61758,144.52,3.09,-109.55
"01/18/2024 10:40:00","LONGIL",61762,146.56,3.82,-110.86
"01/18/2024 10:40:00","MHK VL",61756,58.96,1.72,-25.36
"01/18/2024 10:40:00","MILLWD",61759,146.52,3.28,-111.36
"01/18/2024 10:40:00","N.Y.C.",61761,75.75,3.60,-40.27
"01/18/2024 10:40:00","NORTH",61755,31.40,-0.48,0.00
"01/18/2024 10:40:00","NPX",61845,162.21,2.23,-128.10
"01/18/2024 10:40:00","O H",61846,45.36,-2.90,-16.39
"01/18/2024 10:40:00","PJM",61847,99.99,0.54,-67.57
"01/18/2024 10:40:00","WEST",61752,47.61,-2.04,-17.77
"01/18/2024 10:45:00","CAPITL",61757,174.65,2.01,-140.80
"01/18/2024 10:45:00","CENTRL",61754,50.41,-0.22,-18.79
"01/18/2024 10:45:00","DUNWOD",61760,146.37,3.31,-111.22
"01/18/2024 10:45:00","GENESE",61753,44.26,-1.50,-13.91
"01/18/2024 10:45:00","H Q",61844,31.14,-0.70,0.00
"01/18/2024 10:45:00","HUD VL",61758,144.90,3.09,-109.97
"01/18/2024 10:45:00","LONGIL",61762,146.98,3.85,-111.28
"01/18/2024 10:45:00","MHK VL",61756,59.02,1.72,-25.46
"01/18/2024 10:45:00","MILLWD",61759,146.91,3.28,-111.79
"01/18/2024 10:45:00","N.Y.C.",61761,104.39,3.60,-68.95
"01/18/2024 10:45:00","NORTH",61755,31.37,-0.48,0.00
"01/18/2024 10:45:00","NPX",61845,162.66,2.23,-128.59
"01/18/2024 10:45:00","O H",61846,45.14,-3.15,-16.45
"01/18/2024 10:45:00","PJM",61847,100.12,0.45,-67.83
"01/18/2024 10:45:00","WEST",61752,47.39,-2.29,-17.84
"01/18/2024 10:50:00","CAPITL",61757,174.15,2.01,-140.26
"01/18/2024 10:50:00","CENTRL",61754,50.37,-0.22,-18.72
"01/18/2024 10:50:00","DUNWOD",61760,145.95,3.28,-110.79
"01/18/2024 10:50:00","GENESE",61753,44.27,-1.47,-13.86
"01/18/2024 10:50:00","H Q",61844,31.21,-0.67,0.00
"01/18/2024 10:50:00","HUD VL",61758,144.49,3.06,-109.55
"01/18/2024 10:50:00","LONGIL",61762,147.13,3.79,-111.46
"01/18/2024 10:50:00","MHK VL",61756,58.96,1.72,-25.36
"01/18/2024 10:50:00","MILLWD",61759,146.49,3.25,-111.36
"01/18/2024 10:50:00","N.Y.C.",61761,142.60,3.57,-107.16
"01/18/2024 10:50:00","NORTH",61755,31.43,-0.45,0.00
"01/18/2024 10:50:00","NPX",61845,160.41,2.20,-126.34
"01/18/2024 10:50:00","O H",61846,45.14,-3.12,-16.39
"01/18/2024 10:50:00","PJM",61847,100.89,0.41,-68.60
"01/18/2024 10:50:00","WEST",61752,47.36,-2.30,-17.77
"01/18/2024 10:55:00","CAPITL",61757,175.50,2.00,-141.69
"01/18/2024 10:55:00","CENTRL",61754,50.49,-0.22,-18.91
"01/18/2024 10:55:00","DUNWOD",61760,147.00,3.28,-111.92
"01/18/2024 10:55:00","GENESE",61753,44.25,-1.56,-14.00
"01/18/2024 10:55:00","H Q",61844,31.13,-0.67,0.00
"01/18/2024 10:55:00","HUD VL",61758,145.53,3.05,-110.67
"01/18/2024 10:55:00","LONGIL",61762,148.12,3.78,-112.54
"01/18/2024 10:55:00","MHK VL",61756,59.14,1.72,-25.62
"01/18/2024 10:55:00","MILLWD",61759,147.57,3.28,-112.50
"01/18/2024 10:55:00","N.Y.C.",61761,149.63,3.56,-114.27
"01/18/2024 10:55:00","NORTH",61755,31.36,-0.45,0.00
"01/18/2024 10:55:00","NPX",61845,161.62,2.19,-127.62
"01/18/2024 10:55:00","O H",61846,45.15,-3.21,-16.55
"01/18/2024 10:55:00","PJM",61847,101.42,0.41,-69.21
"01/18/2024 10:55:00","WEST",61752,47.41,-2.35,-17.96
"01/18/2024 11:00:00","CAPITL",61757,159.09,1.94,-126.39
"01/18/2024 11:00:00","CENTRL",61754,47.38,-0.25,-16.87
"01/18/2024 11:00:00","DUNWOD",61760,133.80,3.20,-99.84
"01/18/2024 11:00:00","GENESE",61753,41.65,-1.60,-12.49
"01/18/2024 11:00:00","H Q",61844,30.12,-0.65,0.00
"01/18/2024 11:00:00","HUD VL",61758,132.44,2.95,-98.72
"01/18/2024 11:00:00","LONGIL",61762,139.27,3.78,-104.72
"01/18/2024 11:00:00","MHK VL",61756,55.28,1.66,-22.85
"01/18/2024 11:00:00","MILLWD",61759,134.28,3.17,-100.35
"01/18/2024 11:00:00","N.Y.C.",61761,124.26,3.45,-90.05
"01/18/2024 11:00:00","NORTH",61755,30.40,-0.37,0.00
"01/18/2024 11:00:00","NPX",61845,146.73,2.12,-113.84
"01/18/2024 11:00:00","O H",61846,42.27,-3.26,-14.77
"01/18/2024 11:00:00","PJM",61847,92.00,0.34,-60.89
"01/18/2024 11:00:00","WEST",61752,44.35,-2.43,-16.02
"01/18/2024 11:05:00","CAPITL",61757,106.05,1.94,-73.26
"01/18/2024 11:05:00","CENTRL",61754,40.31,-0.31,-9.78
"01/18/2024 11:05:00","DUNWOD",61760,91.89,3.18,-57.87
"01/18/2024 11:05:00","GENESE",61753,36.33,-1.76,-7.24
"01/18/2024 11:05:00","H Q",61844,30.23,-0.62,0.00
"01/18/2024 11:05:00","HUD VL",61758,91.03,2.96,-57.22
"01/18/2024 11:05:00","LONGIL",61762,145.93,3.82,-111.26
"01/18/2024 11:05:00","MHK VL",61756,45.75,1.66,-13.25
"01/18/2024 11:05:00","MILLWD",61759,92.19,3.18,-58.17
"01/18/2024 11:05:00","N.Y.C.",61761,116.25,3.45,-81.95
"01/18/2024 11:05:00","NORTH",61755,30.57,-0.28,0.00
"01/18/2024 11:05:00","NPX",61845,98.96,2.13,-65.99
"01/18/2024 11:05:00","O H",61846,35.92,-3.49,-8.56
"01/18/2024 11:05:00","PJM",61847,69.02,0.25,-37.93
"01/18/2024 11:05:00","WEST",61752,37.47,-2.65,-9.28
"01/18/2024 11:10:00","CAPITL",61757,115.05,1.93,-81.93
"01/18/2024 11:10:00","CENTRL",61754,41.83,-0.31,-10.96
"01/18/2024 11:10:00","DUNWOD",61760,99.13,3.24,-64.70
"01/18/2024 11:10:00","GENESE",61753,37.50,-1.75,-8.06
"01/18/2024 11:10:00","H Q",61844,30.56,-0.62,0.00
"01/18/2024 11:10:00","HUD VL",61758,98.11,2.96,-63.96
"01/18/2024 11:10:00","LONGIL",61762,145.49,3.83,-110.47
"01/18/2024 11:10:00","MHK VL",61756,47.97,1.68,-15.10
"01/18/2024 11:10:00","MILLWD",61759,99.38,3.18,-65.01
"01/18/2024 11:10:00","N.Y.C.",61761,124.30,3.52,-89.59
"01/18/2024 11:10:00","NORTH",61755,30.87,-0.31,0.00
"01/18/2024 11:10:00","NPX",61845,107.11,2.15,-73.77
"01/18/2024 11:10:00","O H",61846,37.29,-3.46,-9.57
"01/18/2024 11:10:00","PJM",61847,72.87,0.28,-41.40
"01/18/2024 11:10:00","WEST",61752,38.99,-2.59,-10.39
"01/18/2024 11:15:00","CAPITL",61757,105.61,2.00,-71.90
"01/18/2024 11:15:00","CENTRL",61754,41.07,-0.25,-9.62
"01/18/2024 11:15:00","DUNWOD",61760,91.78,3.30,-56.78
"01/18/2024 11:15:00","GENESE",61753,37.07,-1.71,-7.08
"01/18/2024 11:15:00","H Q",61844,31.04,-0.67,0.00
"01/18/2024 11:15:00","HUD VL",61758,90.88,3.04,-56.14
"01/18/2024 11:15:00","LONGIL",61762,145.91,3.96,-110.24
"01/18/2024 11:15:00","MHK VL",61756,46.70,1.74,-13.26
"01/18/2024 11:15:00","MILLWD",61759,92.03,3.27,-57.06
"01/18/2024 11:15:00","N.Y.C.",61761,123.29,3.58,-88.00
"01/18/2024 11:15:00","NORTH",61755,31.33,-0.38,0.00
"01/18/2024 11:15:00","NPX",61845,98.64,2.19,-64.75
"01/18/2024 11:15:00","O H",61846,36.68,-3.42,-8.40
"01/18/2024 11:15:00","PJM",61847,69.12,0.35,-37.07
"01/18/2024 11:15:00","WEST",61752,38.32,-2.51,-9.12
"01/18/2024 11:20:00","CAPITL",61757,98.09,2.18,-61.79
"01/18/2024 11:20:00","CENTRL",61754,42.06,-0.31,-8.26
"01/18/2024 11:20:00","DUNWOD",61760,86.42,3.51,-48.80
"01/18/2024 11:20:00","GENESE",61753,38.34,-1.84,-6.08
"01/18/2024 11:20:00","H Q",61844,33.42,-0.68,0.00
"01/18/2024 11:20:00","HUD VL",61758,85.62,3.27,-48.24
"01/18/2024 11:20:00","LONGIL",61762,145.96,4.23,-107.63
"01/18/2024 11:20:00","MHK VL",61756,47.37,1.87,-11.39
"01/18/2024 11:20:00","MILLWD",61759,86.65,3.51,-49.03
"01/18/2024 11:20:00","N.Y.C.",61761,123.53,3.85,-85.57
"01/18/2024 11:20:00","NORTH",61755,33.73,-0.37,0.00
"01/18/2024 11:20:00","NPX",61845,92.10,2.35,-55.64
"01/18/2024 11:20:00","O H",61846,37.67,-3.65,-7.22
"01/18/2024 11:20:00","PJM",61847,67.08,0.34,-32.63
"01/18/2024 11:20:00","WEST",61752,39.25,-2.70,-7.84
"01/18/2024 11:25:00","CAPITL",61757,56.01,2.50,-15.08
"01/18/2024 11:25:00","CENTRL",61754,40.06,-0.38,-2.02
"01/18/2024 11:25:00","DUNWOD",61760,54.26,3.92,-11.91
"01/18/2024 11:25:00","GENESE",61753,37.87,-2.04,-1.48
"01/18/2024 11:25:00","H Q",61844,37.70,-0.73,0.00
"01/18/2024 11:25:00","HUD VL",61758,53.86,3.65,-11.78
"01/18/2024 11:25:00","LONGIL",61762,145.97,4.73,-102.81
"01/18/2024 11:25:00","MHK VL",61756,43.32,2.11,-2.78
"01/18/2024 11:25:00","MILLWD",61759,54.32,3.92,-11.97
"01/18/2024 11:25:00","N.Y.C.",61761,125.14,4.30,-82.41
"01/18/2024 11:25:00","NORTH",61755,38.04,-0.38,0.00
"01/18/2024 11:25:00","NPX",61845,54.62,2.61,-13.58
"01/18/2024 11:25:00","O H",61846,36.16,-4.03,-1.76
"01/18/2024 11:25:00","PJM",61847,51.55,0.35,-12.78
"01/18/2024 11:25:00","WEST",61752,37.34,-3.00,-1.91
"01/18/2024 11:25:45","CAPITL",61757,126.15,1.27,-105.03
"01/18/2024 11:25:45","CENTRL",61754,33.71,-0.18,-14.05
"01/18/2024 11:25:45","DUNWOD",61760,104.83,2.04,-82.94
"01/18/2024 11:25:45","GENESE",61753,29.17,-1.01,-10.34
"01/18/2024 11:25:45","H Q",61844,19.43,-0.42,0.00
"01/18/2024 11:25:45","HUD VL",61758,103.73,1.89,-82.00
"01/18/2024 11:25:45","LONGIL",61762,145.80,2.44,-123.51
"01/18/2024 11:25:45","MHK VL",61756,40.30,1.09,-19.36
"01/18/2024 11:25:45","MILLWD",61759,105.21,2.03,-83.34
"01/18/2024 11:25:45","N.Y.C.",61761,122.41,2.24,-100.32
"01/18/2024 11:25:45","NORTH",61755,19.61,-0.24,0.00
"01/18/2024 11:25:45","NPX",61845,115.81,1.39,-94.57
"01/18/2024 11:25:45","O H",61846,30.09,-2.02,-12.27
"01/18/2024 11:25:45","PJM",61847,71.98,0.20,-51.94
"01/18/2024 11:25:45","WEST",61752,31.66,-1.51,-13.32
"01/18/2024 11:27:27","CAPITL",61757,139.56,1.14,-120.68
"01/18/2024 11:27:27","CENTRL",61754,33.76,-0.12,-16.14
"01/18/2024 11:27:27","DUNWOD",61760,114.89,1.85,-95.30
"01/18/2024 11:27:27","GENESE",61753,28.77,-0.85,-11.88
"01/18/2024 11:27:27","H Q",61844,17.35,-0.39,0.00
"01/18/2024 11:27:27","HUD VL",61758,113.68,1.72,-94.22
"01/18/2024 11:27:27","LONGIL",61762,145.78,2.22,-125.82
"01/18/2024 11:27:27","MHK VL",61756,40.99,0.99,-22.25
"01/18/2024 11:27:27","MILLWD",61759,115.33,1.83,-95.76
"01/18/2024 11:27:27","N.Y.C.",61761,123.75,2.02,-103.98
"01/18/2024 11:27:27","NORTH",61755,17.51,-0.23,0.00
"01/18/2024 11:27:27","NPX",61845,127.65,1.24,-108.67
"01/18/2024 11:27:27","O H",61846,30.08,-1.76,-14.10
"01/18/2024 11:27:27","PJM",61847,76.79,0.25,-58.80
"01/18/2024 11:27:27","WEST",61752,31.77,-1.28,-15.31
"01/18/2024 11:30:00","CAPITL",61757,149.11,1.04,-131.65
"01/18/2024 11:30:00","CENTRL",61754,33.90,-0.13,-17.60
"01/18/2024 11:30:00","DUNWOD",61760,122.09,1.71,-103.96
"01/18/2024 11:30:00","GENESE",61753,28.53,-0.85,-12.95
"01/18/2024 11:30:00","H Q",61844,16.07,-0.36,0.00
"01/18/2024 11:30:00","HUD VL",61758,120.78,1.58,-102.78
"01/18/2024 11:30:00","LONGIL",61762,145.77,2.04,-127.30
"01/18/2024 11:30:00","MHK VL",61756,41.60,0.90,-24.27
"01/18/2024 11:30:00","MILLWD",61759,122.58,1.69,-104.46
"01/18/2024 11:30:00","N.Y.C.",61761,130.96,1.86,-112.68
"01/18/2024 11:30:00","NORTH",61755,16.21,-0.21,0.00
"01/18/2024 11:30:00","NPX",61845,138.38,1.15,-120.80
"01/18/2024 11:30:00","O H",61846,30.08,-1.72,-15.38
"01/18/2024 11:30:00","PJM",61847,80.02,0.18,-63.41
"01/18/2024 11:30:00","WEST",61752,31.84,-1.28,-16.70
"01/18/2024 11:30:45","CAPITL",61757,149.11,1.04,-131.65
"01/18/2024 11:30:45","CENTRL",61754,33.90,-0.13,-17.60
"01/18/2024 11:30:45","DUNWOD",61760,122.09,1.71,-103.96
"01/18/2024 11:30:45","GENESE",61753,28.53,-0.85,-12.95
"01/18/2024 11:30:45","H Q",61844,16.07,-0.36,0.00
"01/18/2024 11:30:45","HUD VL",61758,120.78,1.58,-102.78
"01/18/2024 11:30:45","LONGIL",61762,145.77,2.04,-127.30
"01/18/2024 11:30:45","MHK VL",61756,41.60,0.90,-24.27
"01/18/2024 11:30:45","MILLWD",61759,122.58,1.69,-104.46
"01/18/2024 11:30:45","N.Y.C.",61761,130.96,1.86,-112.68
"01/18/2024 11:30:45","NORTH",61755,16.21,-0.21,0.00
"01/18/2024 11:30:45","NPX",61845,138.38,1.15,-120.80
"01/18/2024 11:30:45","O H",61846,30.08,-1.72,-15.38
"01/18/2024 11:30:45","PJM",61847,80.02,0.18,-63.41
"01/18/2024 11:30:45","WEST",61752,31.84,-1.28,-16.70
"01/18/2024 11:32:41","CAPITL",61757,152.64,1.02,-135.73
"01/18/2024 11:32:41","CENTRL",61754,33.93,-0.11,-18.15
"01/18/2024 11:32:41","DUNWOD",61760,124.73,1.65,-107.18
"01/18/2024 11:32:41","GENESE",61753,28.42,-0.83,-13.36
"01/18/2024 11:32:41","H Q",61844,15.54,-0.35,0.00
"01/18/2024 11:32:41","HUD VL",61758,123.38,1.53,-105.96
"01/18/2024 11:32:41","LONGIL",61762,145.76,1.97,-127.90
"01/18/2024 11:32:41","MHK VL",61756,41.81,0.89,-25.02
"01/18/2024 11:32:41","MILLWD",61759,125.23,1.64,-107.70
"01/18/2024 11:32:41","N.Y.C.",61761,125.05,1.80,-107.36
"01/18/2024 11:32:41","NORTH",61755,15.67,-0.22,0.00
"01/18/2024 11:32:41","NPX",61845,141.48,1.11,-124.47
"01/18/2024 11:32:41","O H",61846,30.08,-1.67,-15.85
"01/18/2024 11:32:41","PJM",61847,81.45,0.18,-65.38
"01/18/2024 11:32:41","WEST",61752,31.87,-1.24,-17.21
"01/18/2024 11:35:00","CAPITL",61757,151.57,1.20,-131.32
"01/18/2024 11:35:00","CENTRL",61754,36.48,-0.13,-17.56
"01/18/2024 11:35:00","DUNWOD",61760,124.72,1.96,-103.70
"01/18/2024 11:35:00","GENESE",61753,30.93,-1.05,-12.92
"01/18/2024 11:35:00","H Q",61844,18.63,-0.42,0.00
"01/18/2024 11:35:00","HUD VL",61758,123.38,1.81,-102.52
"01/18/2024 11:35:00","LONGIL",61762,145.79,2.34,-124.40
"01/18/2024 11:35:00","MHK VL",61756,44.31,1.05,-24.21
"01/18/2024 11:35:00","MILLWD",61759,125.20,1.94,-104.20
"01/18/2024 11:35:00","N.Y.C.",61761,125.06,2.13,-103.88
"01/18/2024 11:35:00","NORTH",61755,18.78,-0.27,0.00
"01/18/2024 11:35:00","NPX",61845,140.87,1.31,-120.51
"01/18/2024 11:35:00","O H",61846,32.27,-2.12,-15.34
"01/18/2024 11:35:00","PJM",61847,82.46,0.15,-63.26
"01/18/2024 11:35:00","WEST",61752,34.12,-1.58,-16.65
"01/18/2024 11:40:00","CAPITL",61757,151.57,1.20,-131.32
"01/18/2024 11:40:00","CENTRL",61754,36.48,-0.13,-17.56
"01/18/2024 11:40:00","DUNWOD",61760,124.72,1.96,-103.70
"01/18/2024 11:40:00","GENESE",61753,30.93,-1.05,-12.92
"01/18/2024 11:40:00","H Q",61844,18.63,-0.42,0.00
"01/18/2024 11:40:00","HUD VL",61758,123.38,1.81,-102.52
"01/18/2024 11:40:00","LONGIL",61762,145.79,2.34,-124.40
"01/18/2024 11:40:00","MHK VL",61756,44.31,1.05,-24.21
"01/18/2024 11:40:00","MILLWD",61759,125.20,1.94,-104.20
"01/18/2024 11:40:00","N.Y.C.",61761,125.06,2.13,-103.88
"01/18/2024 11:40:00","NORTH",61755,18.78,-0.27,0.00
"01/18/2024 11:40:00","NPX",61845,140.87,1.31,-120.51
"01/18/2024 11:40:00","O H",61846,32.27,-2.12,-15.34
"01/18/2024 11:40:00","PJM",61847,82.46,0.15,-63.26
"01/18/2024 11:40:00","WEST",61752,34.12,-1.58,-16.65
"01/18/2024 11:45:00","CAPITL",61757,165.64,0.47,-157.72
"01/18/2024 11:45:00","CENTRL",61754,28.48,-0.06,-21.09
"01/18/2024 11:45:00","DUNWOD",61760,132.76,0.77,-124.55
"01/18/2024 11:45:00","GENESE",61753,22.56,-0.40,-15.52
"01/18/2024 11:45:00","H Q",61844,7.28,-0.16,0.00
"01/18/2024 11:45:00","HUD VL",61758,131.29,0.71,-123.14
"01/18/2024 11:45:00","LONGIL",61762,145.69,0.92,-137.34
"01/18/2024 11:45:00","MHK VL",61756,36.93,0.41,-29.08
"01/18/2024 11:45:00","MILLWD",61759,133.36,0.76,-125.15
"01/18/2024 11:45:00","N.Y.C.",61761,21.73,0.83,-13.45
"01/18/2024 11:45:00","NORTH",61755,7.35,-0.10,0.00
"01/18/2024 11:45:00","NPX",61845,152.24,0.51,-144.28
"01/18/2024 11:45:00","O H",61846,25.05,-0.81,-18.42
"01/18/2024 11:45:00","PJM",61847,83.48,0.07,-75.97
"01/18/2024 11:45:00","WEST",61752,26.84,-0.61,-20.00
"01/18/2024 11:50:00","CAPITL",61757,138.98,1.81,-107.44
"01/18/2024 11:50:00","CENTRL",61754,43.79,-0.30,-14.37
"01/18/2024 11:50:00","DUNWOD",61760,117.69,3.12,-84.84
"01/18/2024 11:50:00","GENESE",61753,38.60,-1.69,-10.57
"01/18/2024 11:50:00","H Q",61844,29.16,-0.57,0.00
"01/18/2024 11:50:00","HUD VL",61758,116.49,2.88,-83.88
"01/18/2024 11:50:00","LONGIL",61762,148.11,3.75,-114.65
"01/18/2024 11:50:00","MHK VL",61756,51.16,1.63,-19.81
"01/18/2024 11:50:00","MILLWD",61759,118.07,3.09,-85.26
"01/18/2024 11:50:00","N.Y.C.",61761,12.11,3.39,21.00
"01/18/2024 11:50:00","NORTH",61755,29.55,-0.18,0.00
"01/18/2024 11:50:00","NPX",61845,128.49,2.02,-96.75
"01/18/2024 11:50:00","O H",61846,39.00,-3.27,-12.55
"01/18/2024 11:50:00","PJM",61847,82.24,0.36,-52.16
"01/18/2024 11:50:00","WEST",61752,40.91,-2.44,-13.63
"01/18/2024 11:55:00","CAPITL",61757,139.53,1.14,-120.32
"01/18/2024 11:55:00","CENTRL",61754,34.04,-0.13,-16.09
"01/18/2024 11:55:00","DUNWOD",61760,114.95,1.86,-95.01
"01/18/2024 11:55:00","GENESE",61753,28.90,-1.01,-11.84
"01/18/2024 11:55:00","H Q",61844,17.68,-0.40,0.00
"01/18/2024 11:55:00","HUD VL",61758,113.72,1.72,-93.93
"01/18/2024 11:55:00","LONGIL",61762,145.23,2.22,-124.93
"01/18/2024 11:55:00","MHK VL",61756,41.25,0.99,-22.18
"01/18/2024 11:55:00","MILLWD",61759,115.39,1.84,-95.47
"01/18/2024 11:55:00","N.Y.C.",61761,130.58,2.04,-110.47
"01/18/2024 11:55:00","NORTH",61755,17.84,-0.24,0.00
"01/18/2024 11:55:00","NPX",61845,127.66,1.25,-108.34
"01/18/2024 11:55:00","O H",61846,30.09,-2.04,-14.05
"01/18/2024 11:55:00","PJM",61847,76.68,0.14,-58.47
"01/18/2024 11:55:00","WEST",61752,31.80,-1.54,-15.26
"01/18/2024 12:00:00","CAPITL",61757,138.69,2.15,-101.38
"01/18/2024 12:00:00","CENTRL",61754,48.41,-0.32,-13.56
"01/18/2024 12:00:00","DUNWOD",61760,118.88,3.66,-80.05
"01/18/2024 12:00:00","GENESE",61753,43.18,-1.97,-9.98
"01/18/2024 12:00:00","H Q",61844,34.47,-0.70,0.00
"01/18/2024 12:00:00","HUD VL",61758,117.69,3.38,-79.14
"01/18/2024 12:00:00","LONGIL",61762,145.97,4.36,-106.44
"01/18/2024 12:00:00","MHK VL",61756,55.79,1.93,-18.69
"01/18/2024 12:00:00","MILLWD",61759,119.24,3.62,-80.44
"01/18/2024 12:00:00","N.Y.C.",61761,121.56,3.97,-82.41
"01/18/2024 12:00:00","NORTH",61755,34.79,-0.39,0.00
"01/18/2024 12:00:00","NPX",61845,128.88,2.42,-91.28
"01/18/2024 12:00:00","O H",61846,43.07,-3.94,-11.84
"01/18/2024 12:00:00","PJM",61847,84.49,0.32,-49.00
"01/18/2024 12:00:00","WEST",61752,45.04,-2.99,-12.86
"01/18/2024 12:05:00","CAPITL",61757,119.81,6.78,0.00
"01/18/2024 12:05:00","CENTRL",61754,112.46,-0.56,0.00
"01/18/2024 12:05:00","DUNWOD",61760,124.56,11.53,0.00
"01/18/2024 12:05:00","GENESE",61753,107.14,-5.88,0.00
"01/18/2024 12:05:00","H Q",61844,110.87,-2.15,0.00
"01/18/2024 12:05:00","HUD VL",61758,123.77,10.74,0.00
"01/18/2024 12:05:00","LONGIL",61762,148.59,13.78,-21.78
"01/18/2024 12:05:00","MHK VL",61756,119.46,6.44,0.00
"01/18/2024 12:05:00","MILLWD",61759,124.44,11.41,0.00
"01/18/2024 12:05:00","N.Y.C.",61761,115.72,12.43,9.73
"01/18/2024 12:05:00","NORTH",61755,112.24,-0.79,0.00
"01/18/2024 12:05:00","NPX",61845,119.56,7.46,0.92
"01/18/2024 12:05:00","O H",61846,101.39,-11.64,0.00
"01/18/2024 12:05:00","PJM",61847,114.61,1.58,0.00
"01/18/2024 12:05:00","WEST",61752,104.78,-8.25,0.00
"01/18/2024 12:10:00","CAPITL",61757,97.46,5.52,0.00
"01/18/2024 12:10:00","CENTRL",61754,91.49,-0.46,0.00
"01/18/2024 12:10:00","DUNWOD",61760,101.42,9.47,0.00
"01/18/2024 12:10:00","GENESE",61753,86.98,-4.97,0.00
"01/18/2024 12:10:00","H Q",61844,90.29,-1.65,0.00
"01/18/2024 12:10:00","HUD VL",61758,100.68,8.74,0.00
"01/18/2024 12:10:00","LONGIL",61762,148.27,11.40,-44.92
"01/18/2024 12:10:00","MHK VL",61756,97.18,5.24,0.00
"01/18/2024 12:10:00","MILLWD",61759,101.33,9.38,0.00
"01/18/2024 12:10:00","N.Y.C.",61761,76.50,10.30,25.74
"01/18/2024 12:10:00","NORTH",61755,91.49,-0.46,0.00
"01/18/2024 12:10:00","NPX",61845,97.09,6.07,0.92
"01/18/2024 12:10:00","O H",61846,82.20,-9.75,0.00
"01/18/2024 12:10:00","PJM",61847,-6.46,1.29,99.69
"01/18/2024 12:10:00","WEST",61752,85.05,-6.90,0.00
"01/18/2024 12:15:00","CAPITL",61757,106.34,3.40,-47.14
"01/18/2024 12:15:00","CENTRL",61754,61.63,-0.50,-6.32
"01/18/2024 12:15:00","DUNWOD",61760,98.89,5.86,-37.23
"01/18/2024 12:15:00","GENESE",61753,57.32,-3.12,-4.64
"01/18/2024 12:15:00","H Q",61844,54.85,-0.95,0.00
"01/18/2024 12:15:00","HUD VL",61758,98.01,5.41,-36.80
"01/18/2024 12:15:00","LONGIL",61762,147.51,7.03,-84.68
"01/18/2024 12:15:00","MHK VL",61756,67.52,3.12,-8.59
"01/18/2024 12:15:00","MILLWD",61759,99.02,5.80,-37.41
"01/18/2024 12:15:00","N.Y.C.",61761,121.06,6.36,-58.90
"01/18/2024 12:15:00","NORTH",61755,55.53,-0.28,0.00
"01/18/2024 12:15:00","NPX",61845,101.19,3.85,-41.54
"01/18/2024 12:15:00","O H",61846,55.23,-6.08,-5.51
"01/18/2024 12:15:00","PJM",61847,79.37,0.67,-22.90
"01/18/2024 12:15:00","WEST",61752,57.32,-4.47,-5.98
"01/18/2024 12:20:00","CAPITL",61757,137.79,3.17,-81.83
"01/18/2024 12:20:00","CENTRL",61754,63.25,-0.53,-10.98
"01/18/2024 12:20:00","DUNWOD",61760,122.97,5.54,-64.64
"01/18/2024 12:20:00","GENESE",61753,57.89,-2.96,-8.05
"01/18/2024 12:20:00","H Q",61844,51.90,-0.90,0.00
"01/18/2024 12:20:00","HUD VL",61758,121.74,5.07,-63.88
"01/18/2024 12:20:00","LONGIL",61762,147.40,6.60,-88.00
"01/18/2024 12:20:00","MHK VL",61756,70.67,2.95,-14.92
"01/18/2024 12:20:00","MILLWD",61759,123.23,5.49,-64.95
"01/18/2024 12:20:00","N.Y.C.",61761,124.19,6.02,-65.38
"01/18/2024 12:20:00","NORTH",61755,52.58,-0.21,0.00
"01/18/2024 12:20:00","NPX",61845,130.14,3.64,-73.70
"01/18/2024 12:20:00","O H",61846,56.65,-5.70,-9.56
"01/18/2024 12:20:00","PJM",61847,91.05,0.58,-37.68
"01/18/2024 12:20:00","WEST",61752,58.95,-4.23,-10.38
"01/18/2024 12:25:00","CAPITL",61757,137.94,3.10,-84.07
"01/18/2024 12:25:00","CENTRL",61754,61.64,-0.41,-11.28
"01/18/2024 12:25:00","DUNWOD",61760,122.51,5.33,-66.40
"01/18/2024 12:25:00","GENESE",61753,56.35,-2.69,-8.27
"01/18/2024 12:25:00","H Q",61844,49.86,-0.91,0.00
"01/18/2024 12:25:00","HUD VL",61758,121.32,4.92,-65.63
"01/18/2024 12:25:00","LONGIL",61762,147.41,6.40,-90.24
"01/18/2024 12:25:00","MHK VL",61756,68.94,2.84,-15.33
"01/18/2024 12:25:00","MILLWD",61759,122.78,5.28,-66.72
"01/18/2024 12:25:00","N.Y.C.",61761,124.12,5.79,-67.57
"01/18/2024 12:25:00","NORTH",61755,50.52,-0.25,0.00
"01/18/2024 12:25:00","NPX",61845,129.99,3.50,-75.72
"01/18/2024 12:25:00","O H",61846,55.26,-5.33,-9.82
"01/18/2024 12:25:00","PJM",61847,90.27,0.71,-38.79
"01/18/2024 12:25:00","WEST",61752,57.58,-3.86,-10.67
"01/18/2024 12:30:00","CAPITL",61757,138.55,2.29,-98.73
"01/18/2024 12:30:00","CENTRL",61754,50.37,-0.41,-13.25
"01/18/2024 12:30:00","DUNWOD",61760,119.46,3.94,-77.99
"01/18/2024 12:30:00","GENESE",61753,45.29,-1.95,-9.71
"01/18/2024 12:30:00","H Q",61844,36.89,-0.64,0.00
"01/18/2024 12:30:00","HUD VL",61758,118.21,3.60,-77.08
"01/18/2024 12:30:00","LONGIL",61762,147.09,4.69,-104.87
"01/18/2024 12:30:00","MHK VL",61756,57.59,2.06,-18.00
"01/18/2024 12:30:00","MILLWD",61759,119.80,3.90,-78.36
"01/18/2024 12:30:00","N.Y.C.",61761,123.65,4.28,-81.85
"01/18/2024 12:30:00","NORTH",61755,37.38,-0.15,0.00
"01/18/2024 12:30:00","NPX",61845,129.05,2.59,-88.93
"01/18/2024 12:30:00","O H",61846,45.20,-3.86,-11.54
"01/18/2024 12:30:00","PJM",61847,84.11,0.49,-46.10
"01/18/2024 12:30:00","WEST",61752,47.20,-2.85,-12.53
"01/18/2024 12:35:00","CAPITL",61757,137.82,3.05,-83.92
"01/18/2024 12:35:00","CENTRL",61754,61.50,-0.61,-11.26
"01/18/2024 12:35:00","DUNWOD",61760,122.48,5.34,-66.29
"01/18/2024 12:35:00","GENESE",61753,56.36,-2.75,-8.25
"01/18/2024 12:35:00","H Q",61844,50.03,-0.82,0.00
"01/18/2024 12:35:00","HUD VL",61758,121.25,4.88,-65.52
"01/18/2024 12:35:00","LONGIL",61762,147.36,6.36,-90.15
"01/18/2024 12:35:00","MHK VL",61756,68.95,2.79,-15.30
"01/18/2024 12:35:00","MILLWD",61759,122.70,5.24,-66.61
"01/18/2024 12:35:00","N.Y.C.",61761,124.07,5.74,-67.48
"01/18/2024 12:35:00","NORTH",61755,50.70,-0.15,0.00
"01/18/2024 12:35:00","NPX",61845,129.95,3.51,-75.59
"01/18/2024 12:35:00","O H",61846,55.26,-5.39,-9.80
"01/18/2024 12:35:00","PJM",61847,90.13,0.56,-38.72
"01/18/2024 12:35:00","WEST",61752,57.48,-4.02,-10.65
"01/18/2024 12:40:00","CAPITL",61757,137.73,3.16,-81.91
"01/18/2024 12:40:00","CENTRL",61754,63.03,-0.63,-10.99
"01/18/2024 12:40:00","DUNWOD",61760,122.89,5.53,-64.70
"01/18/2024 12:40:00","GENESE",61753,57.88,-2.84,-8.06
"01/18/2024 12:40:00","H Q",61844,51.77,-0.90,0.00
"01/18/2024 12:40:00","HUD VL",61758,121.67,5.06,-63.94
"01/18/2024 12:40:00","LONGIL",61762,147.34,6.58,-88.09
"01/18/2024 12:40:00","MHK VL",61756,70.60,3.00,-14.93
"01/18/2024 12:40:00","MILLWD",61759,123.15,5.48,-65.01
"01/18/2024 12:40:00","N.Y.C.",61761,124.12,6.00,-65.45
"01/18/2024 12:40:00","NORTH",61755,52.51,-0.16,0.00
"01/18/2024 12:40:00","NPX",61845,130.08,3.63,-73.78
"01/18/2024 12:40:00","O H",61846,56.65,-5.58,-9.57
"01/18/2024 12:40:00","PJM",61847,90.88,0.63,-37.58
"01/18/2024 12:40:00","WEST",61752,58.90,-4.16,-10.39
"01/18/2024 12:45:00","CAPITL",61757,108.74,3.31,-50.21
"01/18/2024 12:45:00","CENTRL",61754,61.34,-0.61,-6.74
"01/18/2024 12:45:00","DUNWOD",61760,100.67,5.80,-39.66
"01/18/2024 12:45:00","GENESE",61753,57.22,-2.93,-4.94
"01/18/2024 12:45:00","H Q",61844,54.27,-0.94,0.00
"01/18/2024 12:45:00","HUD VL",61758,99.77,5.35,-39.20
"01/18/2024 12:45:00","LONGIL",61762,147.39,6.90,-85.28
"01/18/2024 12:45:00","MHK VL",61756,67.51,3.15,-9.15
"01/18/2024 12:45:00","MILLWD",61759,100.81,5.74,-39.85
"01/18/2024 12:45:00","N.Y.C.",61761,122.17,6.29,-60.66
"01/18/2024 12:45:00","NORTH",61755,55.05,-0.17,0.00
"01/18/2024 12:45:00","NPX",61845,104.25,3.81,-45.23
"01/18/2024 12:45:00","O H",61846,55.28,-5.80,-5.87
"01/18/2024 12:45:00","PJM",61847,80.30,0.72,-24.37
"01/18/2024 12:45:00","WEST",61752,57.33,-4.25,-6.37
"01/18/2024 12:50:00","CAPITL",61757,108.67,2.57,-63.98
"01/18/2024 12:50:00","CENTRL",61754,50.29,-0.42,-8.58
"01/18/2024 12:50:00","DUNWOD",61760,97.08,4.42,-50.53
"01/18/2024 12:50:00","GENESE",61753,46.18,-2.23,-6.29
"01/18/2024 12:50:00","H Q",61844,41.41,-0.72,0.00
"01/18/2024 12:50:00","HUD VL",61758,96.15,4.08,-49.95
"01/18/2024 12:50:00","LONGIL",61762,150.37,5.26,-102.98
"01/18/2024 12:50:00","MHK VL",61756,56.19,2.40,-11.66
"01/18/2024 12:50:00","MILLWD",61759,97.28,4.38,-50.78
"01/18/2024 12:50:00","N.Y.C.",61761,122.52,4.80,-75.60
"01/18/2024 12:50:00","NORTH",61755,42.00,-0.13,0.00
"01/18/2024 12:50:00","NPX",61845,102.65,2.90,-57.63
"01/18/2024 12:50:00","O H",61846,45.17,-4.42,-7.47
"01/18/2024 12:50:00","PJM",61847,73.87,0.59,-31.16
"01/18/2024 12:50:00","WEST",61752,47.04,-3.20,-8.12
"01/18/2024 12:55:00","CAPITL",61757,97.18,3.59,-34.81
"01/18/2024 12:55:00","CENTRL",61754,62.87,-0.59,-4.67
"01/18/2024 12:55:00","DUNWOD",61760,92.45,6.17,-27.50
"01/18/2024 12:55:00","GENESE",61753,59.09,-3.12,-3.42
"01/18/2024 12:55:00","H Q",61844,57.78,-1.00,0.00
"01/18/2024 12:55:00","HUD VL",61758,91.60,5.64,-27.18
"01/18/2024 12:55:00","LONGIL",61762,148.32,7.35,-82.19
"01/18/2024 12:55:00","MHK VL",61756,68.54,3.41,-6.35
"01/18/2024 12:55:00","MILLWD",61759,92.47,6.06,-27.63
"01/18/2024 12:55:00","N.Y.C.",61761,120.25,6.64,-54.82
"01/18/2024 12:55:00","NORTH",61755,58.55,-0.23,0.00
"01/18/2024 12:55:00","NPX",61845,94.19,4.05,-31.35
"01/18/2024 12:55:00","O H",61846,56.68,-6.17,-4.07
"01/18/2024 12:55:00","PJM",61847,77.02,0.76,-17.48
"01/18/2024 12:55:00","WEST",61752,58.73,-4.47,-4.42
"01/18/2024 13:00:00","CAPITL",61757,138.51,2.29,-98.74
"01/18/2024 13:00:00","CENTRL",61754,50.32,-0.41,-13.25
"01/18/2024 13:00:00","DUNWOD",61760,119.41,3.93,-77.99
"01/18/2024 13:00:00","GENESE",61753,45.25,-1.95,-9.71
"01/18/2024 13:00:00","H Q",61844,36.85,-0.64,0.00
"01/18/2024 13:00:00","HUD VL",61758,118.20,3.64,-77.08
"01/18/2024 13:00:00","LONGIL",61762,139.30,4.69,-97.13
"01/18/2024 13:00:00","MHK VL",61756,57.66,2.17,-18.00
"01/18/2024 13:00:00","MILLWD",61759,119.75,3.90,-78.37
"01/18/2024 13:00:00","N.Y.C.",61761,299.24,4.23,-257.52
"01/18/2024 13:00:00","NORTH",61755,37.37,-0.11,0.00
"01/18/2024 13:00:00","NPX",61845,129.01,2.58,-88.94
"01/18/2024 13:00:00","O H",61846,45.20,-3.82,-11.54
"01/18/2024 13:00:00","PJM",61847,86.25,0.52,-48.24
"01/18/2024 13:00:00","WEST",61752,47.28,-2.73,-12.53
"01/18/2024 13:02:08","CAPITL",61757,138.65,2.03,-102.79
"01/18/2024 13:02:08","CENTRL",61754,47.29,-0.34,-13.79
"01/18/2024 13:02:08","DUNWOD",61760,118.57,3.55,-81.19
"01/18/2024 13:02:08","GENESE",61753,42.15,-1.79,-10.11
"01/18/2024 13:02:08","H Q",61844,33.26,-0.58,0.00
"01/18/2024 13:02:08","HUD VL",61758,117.32,3.25,-80.24
"01/18/2024 13:02:08","LONGIL",61762,139.23,4.16,-101.24
"01/18/2024 13:02:08","MHK VL",61756,54.60,2.03,-18.74
"01/18/2024 13:02:08","MILLWD",61759,118.90,3.49,-81.58
"01/18/2024 13:02:08","N.Y.C.",61761,130.65,3.82,-92.99
"01/18/2024 13:02:08","NORTH",61755,33.73,-0.10,0.00
"01/18/2024 13:02:08","NPX",61845,128.75,2.33,-92.58
"01/18/2024 13:02:08","O H",61846,42.32,-3.52,-12.01
"01/18/2024 13:02:08","PJM",61847,82.61,0.44,-48.34
"01/18/2024 13:02:08","WEST",61752,44.30,-2.57,-13.04
"01/18/2024 13:03:50","CAPITL",61757,138.82,1.91,-105.01
"01/18/2024 13:03:50","CENTRL",61754,45.53,-0.29,-13.92
"01/18/2024 13:03:50","DUNWOD",61760,118.17,3.38,-82.89
"01/18/2024 13:03:50","GENESE",61753,40.54,-1.69,-10.34
"01/18/2024 13:03:50","H Q",61844,31.29,-0.61,0.00
"01/18/2024 13:03:50","HUD VL",61758,116.92,3.09,-81.94
"01/18/2024 13:03:50","LONGIL",61762,143.59,3.95,-107.74
"01/18/2024 13:03:50","MHK VL",61756,52.89,1.88,-19.11
"01/18/2024 13:03:50","MILLWD",61759,118.50,3.32,-83.29
"01/18/2024 13:03:50","N.Y.C.",61761,297.50,3.63,-261.97
"01/18/2024 13:03:50","NORTH",61755,31.73,-0.16,0.00
"01/18/2024 13:03:50","NPX",61845,128.61,2.20,-94.52
"01/18/2024 13:03:50","O H",61846,40.81,-3.35,-12.26
"01/18/2024 13:03:50","PJM",61847,83.78,0.45,-51.44
"01/18/2024 13:03:50","WEST",61752,42.77,-2.43,-13.31
"01/18/2024 13:05:00","CAPITL",61757,138.85,1.91,-105.05
"01/18/2024 13:05:00","CENTRL",61754,45.53,-0.29,-13.93
"01/18/2024 13:05:00","DUNWOD",61760,118.20,3.38,-82.93
"01/18/2024 13:05:00","GENESE",61753,40.54,-1.69,-10.34
"01/18/2024 13:05:00","H Q",61844,31.28,-0.61,0.00
"01/18/2024 13:05:00","HUD VL",61758,116.95,3.09,-81.97
"01/18/2024 13:05:00","LONGIL",61762,143.59,4.02,-107.68
"01/18/2024 13:05:00","MHK VL",61756,52.89,1.88,-19.12
"01/18/2024 13:05:00","MILLWD",61759,118.52,3.32,-83.32
"01/18/2024 13:05:00","N.Y.C.",61761,263.25,3.63,-227.72
"01/18/2024 13:05:00","NORTH",61755,31.70,-0.19,0.00
"01/18/2024 13:05:00","NPX",61845,128.65,2.20,-94.56
"01/18/2024 13:05:00","O H",61846,40.77,-3.38,-12.26
"01/18/2024 13:05:00","PJM",61847,83.24,0.45,-50.90
"01/18/2024 13:05:00","WEST",61752,42.78,-2.43,-13.31
"01/18/2024 13:10:00","CAPITL",61757,138.85,1.91,-105.05
"01/18/2024 13:10:00","CENTRL",61754,45.53,-0.29,-13.93
"01/18/2024 13:10:00","DUNWOD",61760,118.20,3.38,-82.93
"01/18/2024 13:10:00","GENESE",61753,40.54,-1.69,-10.34
"01/18/2024 13:10:00","H Q",61844,31.28,-0.61,0.00
"01/18/2024 13:10:00","HUD VL",61758,116.95,3.09,-81.97
"01/18/2024 13:10:00","LONGIL",61762,143.59,4.02,-107.68
"01/18/2024 13:10:00","MHK VL",61756,52.89,1.88,-19.12
"01/18/2024 13:10:00","MILLWD",61759,118.52,3.32,-83.32
"01/18/2024 13:10:00","N.Y.C.",61761,263.25,3.63,-227.72
"01/18/2024 13:10:00","NORTH",61755,31.70,-0.19,0.00
"01/18/2024 13:10:00","NPX",61845,128.65,2.20,-94.56
"01/18/2024 13:10:00","O H",61846,40.77,-3.38,-12.26
"01/18/2024 13:10:00","PJM",61847,83.24,0.45,-50.90
"01/18/2024 13:10:00","WEST",61752,42.78,-2.43,-13.31
"01/18/2024 13:15:00","CAPITL",61757,138.86,1.91,-105.09
"01/18/2024 13:15:00","CENTRL",61754,45.50,-0.29,-13.93
"01/18/2024 13:15:00","DUNWOD",61760,118.19,3.38,-82.96
"01/18/2024 13:15:00","GENESE",61753,40.51,-1.69,-10.35
"01/18/2024 13:15:00","H Q",61844,31.25,-0.61,0.00
"01/18/2024 13:15:00","HUD VL",61758,116.94,3.09,-82.00
"01/18/2024 13:15:00","LONGIL",61762,143.59,4.01,-107.72
"01/18/2024 13:15:00","MHK VL",61756,52.86,1.88,-19.13
"01/18/2024 13:15:00","MILLWD",61759,118.55,3.34,-83.35
"01/18/2024 13:15:00","N.Y.C.",61761,117.98,3.63,-82.49
"01/18/2024 13:15:00","NORTH",61755,31.67,-0.19,0.00
"01/18/2024 13:15:00","NPX",61845,128.64,2.20,-94.59
"01/18/2024 13:15:00","O H",61846,40.75,-3.38,-12.27
"01/18/2024 13:15:00","PJM",61847,81.46,0.45,-49.15
"01/18/2024 13:15:00","WEST",61752,42.72,-2.45,-13.32
"01/18/2024 13:20:00","CAPITL",61757,142.84,1.77,-111.55
"01/18/2024 13:20:00","CENTRL",61754,44.07,-0.24,-14.79
"01/18/2024 13:20:00","DUNWOD",61760,120.70,3.13,-88.06
"01/18/2024 13:20:00","GENESE",61753,38.93,-1.57,-10.99
"01/18/2024 13:20:00","H Q",61844,28.95,-0.56,0.00
"01/18/2024 13:20:00","HUD VL",61758,119.42,2.86,-87.04
"01/18/2024 13:20:00","LONGIL",61762,143.60,3.72,-110.37
"01/18/2024 13:20:00","MHK VL",61756,51.56,1.74,-20.30
"01/18/2024 13:20:00","MILLWD",61759,121.06,3.07,-88.48
"01/18/2024 13:20:00","N.Y.C.",61761,120.33,3.36,-87.46
"01/18/2024 13:20:00","NORTH",61755,29.28,-0.24,0.00
"01/18/2024 13:20:00","NPX",61845,131.93,2.01,-100.41
"01/18/2024 13:20:00","O H",61846,39.38,-3.16,-13.02
"01/18/2024 13:20:00","PJM",61847,82.02,0.41,-52.09
"01/18/2024 13:20:00","WEST",61752,41.38,-2.27,-14.14
"01/18/2024 13:25:00","CAPITL",61757,142.85,1.77,-111.60
"01/18/2024 13:25:00","CENTRL",61754,44.04,-0.24,-14.80
"01/18/2024 13:25:00","DUNWOD",61760,120.70,3.12,-88.10
"01/18/2024 13:25:00","GENESE",61753,38.90,-1.56,-10.99
"01/18/2024 13:25:00","H Q",61844,28.92,-0.56,0.00
"01/18/2024 13:25:00","HUD VL",61758,119.42,2.86,-87.08
"01/18/2024 13:25:00","LONGIL",61762,143.60,3.71,-110.40
"01/18/2024 13:25:00","MHK VL",61756,51.53,1.74,-20.31
"01/18/2024 13:25:00","MILLWD",61759,121.06,3.07,-88.51
"01/18/2024 13:25:00","N.Y.C.",61761,120.33,3.36,-87.49
"01/18/2024 13:25:00","NORTH",61755,29.24,-0.24,0.00
"01/18/2024 13:25:00","NPX",61845,131.94,2.01,-100.45
"01/18/2024 13:25:00","O H",61846,39.35,-3.15,-13.03
"01/18/2024 13:25:00","PJM",61847,82.00,0.41,-52.11
"01/18/2024 13:25:00","WEST",61752,41.35,-2.27,-14.14
"01/18/2024 13:30:00","CAPITL",61757,139.08,1.74,-108.88
"01/18/2024 13:30:00","CENTRL",61754,42.61,-0.28,-14.44
"01/18/2024 13:30:00","DUNWOD",61760,117.43,3.02,-85.95
"01/18/2024 13:30:00","GENESE",61753,37.67,-1.51,-10.72
"01/18/2024 13:30:00","H Q",61844,27.92,-0.54,0.00
"01/18/2024 13:30:00","HUD VL",61758,116.18,2.76,-84.96
"01/18/2024 13:30:00","LONGIL",61762,143.56,3.59,-111.51
"01/18/2024 13:30:00","MHK VL",61756,49.93,1.65,-19.82
"01/18/2024 13:30:00","MILLWD",61759,117.80,2.99,-86.36
"01/18/2024 13:30:00","N.Y.C.",61761,117.16,3.24,-85.45
"01/18/2024 13:30:00","NORTH",61755,28.20,-0.26,0.00
"01/18/2024 13:30:00","NPX",61845,128.43,1.96,-98.01
"01/18/2024 13:30:00","O H",61846,38.13,-3.04,-12.71
"01/18/2024 13:30:00","PJM",61847,79.89,0.40,-51.03
"01/18/2024 13:30:00","WEST",61752,40.04,-2.22,-13.80
"01/18/2024 13:35:00","CAPITL",61757,120.42,1.75,-89.92
"01/18/2024 13:35:00","CENTRL",61754,40.41,-0.26,-11.92
"01/18/2024 13:35:00","DUNWOD",61760,102.75,3.02,-70.98
"01/18/2024 13:35:00","GENESE",61753,36.08,-1.52,-8.85
"01/18/2024 13:35:00","H Q",61844,28.17,-0.57,0.00
"01/18/2024 13:35:00","HUD VL",61758,101.67,2.76,-70.16
"01/18/2024 13:35:00","LONGIL",61762,143.59,3.59,-111.25
"01/18/2024 13:35:00","MHK VL",61756,46.81,1.70,-16.36
"01/18/2024 13:35:00","MILLWD",61759,103.03,2.96,-71.32
"01/18/2024 13:35:00","N.Y.C.",61761,102.92,3.28,-70.89
"01/18/2024 13:35:00","NORTH",61755,28.49,-0.26,0.00
"01/18/2024 13:35:00","NPX",61845,111.64,1.96,-80.93
"01/18/2024 13:35:00","O H",61846,36.17,-3.08,-10.50
"01/18/2024 13:35:00","PJM",61847,72.08,0.40,-42.93
"01/18/2024 13:35:00","WEST",61752,37.93,-2.21,-11.39
"01/18/2024 13:40:00","CAPITL",61757,139.10,1.67,-109.97
"01/18/2024 13:40:00","CENTRL",61754,41.87,-0.16,-14.58
"01/18/2024 13:40:00","DUNWOD",61760,117.14,2.88,-86.81
"01/18/2024 13:40:00","GENESE",61753,36.80,-1.48,-10.83
"01/18/2024 13:40:00","H Q",61844,26.91,-0.55,0.00
"01/18/2024 13:40:00","HUD VL",61758,115.92,2.66,-85.80
"01/18/2024 13:40:00","LONGIL",61762,143.66,3.49,-112.72
"01/18/2024 13:40:00","MHK VL",61756,49.09,1.62,-20.01
"01/18/2024 13:40:00","MILLWD",61759,117.53,2.86,-87.22
"01/18/2024 13:40:00","N.Y.C.",61761,116.94,3.13,-86.36
"01/18/2024 13:40:00","NORTH",61755,27.18,-0.27,0.00
"01/18/2024 13:40:00","NPX",61845,128.30,1.87,-98.98
"01/18/2024 13:40:00","O H",61846,37.33,-2.97,-12.84
"01/18/2024 13:40:00","PJM",61847,79.55,0.38,-51.71
"01/18/2024 13:40:00","WEST",61752,39.25,-2.14,-13.94
"01/18/2024 13:45:00","CAPITL",61757,130.86,1.67,-101.28
"01/18/2024 13:45:00","CENTRL",61754,41.14,-0.19,-13.43
"01/18/2024 13:45:00","DUNWOD",61760,110.78,2.93,-79.95
"01/18/2024 13:45:00","GENESE",61753,36.37,-1.51,-9.97
"01/18/2024 13:45:00","H Q",61844,27.35,-0.56,0.00
"01/18/2024 13:45:00","HUD VL",61758,109.64,2.71,-79.03
"01/18/2024 13:45:00","LONGIL",61762,143.64,3.54,-112.19
"01/18/2024 13:45:00","MHK VL",61756,47.98,1.65,-18.43
"01/18/2024 13:45:00","MILLWD",61759,111.13,2.90,-80.33
"01/18/2024 13:45:00","N.Y.C.",61761,110.71,3.18,-79.63
"01/18/2024 13:45:00","NORTH",61755,27.65,-0.25,0.00
"01/18/2024 13:45:00","NPX",61845,120.97,1.90,-91.16
"01/18/2024 13:45:00","O H",61846,36.72,-3.01,-11.83
"01/18/2024 13:45:00","PJM",61847,76.16,0.42,-47.84
"01/18/2024 13:45:00","WEST",61752,38.59,-2.15,-12.83
"01/18/2024 13:50:00","CAPITL",61757,129.44,1.70,-99.49
"01/18/2024 13:50:00","CENTRL",61754,41.28,-0.17,-13.19
"01/18/2024 13:50:00","DUNWOD",61760,109.78,2.99,-78.53
"01/18/2024 13:50:00","GENESE",61753,36.55,-1.50,-9.80
"01/18/2024 13:50:00","H Q",61844,27.66,-0.59,0.00
"01/18/2024 13:50:00","HUD VL",61758,108.65,2.77,-77.63
"01/18/2024 13:50:00","LONGIL",61762,143.67,3.62,-111.80
"01/18/2024 13:50:00","MHK VL",61756,48.06,1.70,-18.11
"01/18/2024 13:50:00","MILLWD",61759,110.13,2.97,-78.91
"01/18/2024 13:50:00","N.Y.C.",61761,109.74,3.25,-78.24
"01/18/2024 13:50:00","NORTH",61755,27.97,-0.28,0.00
"01/18/2024 13:50:00","NPX",61845,119.73,1.92,-89.55
"01/18/2024 13:50:00","O H",61846,36.85,-3.02,-11.62
"01/18/2024 13:50:00","PJM",61847,75.78,0.48,-47.05
"01/18/2024 13:50:00","WEST",61752,38.74,-2.12,-12.61
"01/18/2024 13:55:00","CAPITL",61757,139.15,1.54,-111.86
"01/18/2024 13:55:00","CENTRL",61754,40.40,-0.18,-14.83
"01/18/2024 13:55:00","DUNWOD",61760,116.80,2.76,-88.30
"01/18/2024 13:55:00","GENESE",61753,35.32,-1.44,-11.02
"01/18/2024 13:55:00","H Q",61844,25.21,-0.54,0.00
"01/18/2024 13:55:00","HUD VL",61758,115.55,2.52,-87.28
"01/18/2024 13:55:00","LONGIL",61762,144.53,3.32,-115.46
"01/18/2024 13:55:00","MHK VL",61756,47.60,1.49,-20.36
"01/18/2024 13:55:00","MILLWD",61759,117.17,2.70,-88.72
"01/18/2024 13:55:00","N.Y.C.",61761,116.57,2.96,-87.86
"01/18/2024 13:55:00","NORTH",61755,25.47,-0.28,0.00
"01/18/2024 13:55:00","NPX",61845,128.18,1.75,-100.68
"01/18/2024 13:55:00","O H",61846,35.93,-2.88,-13.06
"01/18/2024 13:55:00","PJM",61847,78.78,0.39,-52.65
"01/18/2024 13:55:00","WEST",61752,37.86,-2.06,-14.17
"01/18/2024 14:00:00","CAPITL",61757,118.36,1.74,-88.06
"01/18/2024 14:00:00","CENTRL",61754,40.09,-0.14,-11.68
"01/18/2024 14:00:00","DUNWOD",61760,101.16,3.09,-69.51
"01/18/2024 14:00:00","GENESE",61753,35.86,-1.37,-8.67
"01/18/2024 14:00:00","H Q",61844,27.93,-0.63,0.00
"01/18/2024 14:00:00","HUD VL",61758,100.12,2.86,-68.71
"01/18/2024 14:00:00","LONGIL",61762,143.67,3.71,-111.40
"01/18/2024 14:00:00","MHK VL",61756,46.24,1.66,-16.03
"01/18/2024 14:00:00","MILLWD",61759,101.46,3.06,-69.84
"01/18/2024 14:00:00","N.Y.C.",61761,101.43,3.34,-69.53
"01/18/2024 14:00:00","NORTH",61755,28.18,-0.37,0.00
"01/18/2024 14:00:00","NPX",61845,109.76,1.94,-79.26
"01/18/2024 14:00:00","O H",61846,36.01,-2.83,-10.28
"01/18/2024 14:00:00","PJM",61847,71.41,0.57,-42.29
"01/18/2024 14:00:00","WEST",61752,37.77,-1.94,-11.16
"01/18/2024 14:05:00","CAPITL",61757,117.86,1.86,-86.00
"01/18/2024 14:05:00","CENTRL",61754,41.34,-0.06,-11.40
"01/18/2024 14:05:00","DUNWOD",61760,101.16,3.27,-67.89
"01/18/2024 14:05:00","GENESE",61753,37.18,-1.29,-8.47
"01/18/2024 14:05:00","H Q",61844,29.31,-0.69,0.00
"01/18/2024 14:05:00","HUD VL",61758,100.13,3.03,-67.10
"01/18/2024 14:05:00","LONGIL",61762,143.69,3.96,-109.73
"01/18/2024 14:05:00","MHK VL",61756,47.42,1.77,-15.65
"01/18/2024 14:05:00","MILLWD",61759,101.45,3.24,-68.21
"01/18/2024 14:05:00","N.Y.C.",61761,101.44,3.54,-67.91
"01/18/2024 14:05:00","NORTH",61755,29.52,-0.48,0.00
"01/18/2024 14:05:00","NPX",61845,109.48,2.07,-77.41
"01/18/2024 14:05:00","O H",61846,37.37,-2.67,-10.04
"01/18/2024 14:05:00","PJM",61847,72.04,0.75,-41.29
"01/18/2024 14:05:00","WEST",61752,39.16,-1.74,-10.90
"01/18/2024 14:10:00","CAPITL",61757,117.89,1.83,-86.02
"01/18/2024 14:10:00","CENTRL",61754,41.44,-0.06,-11.47
"01/18/2024 14:10:00","DUNWOD",61760,101.20,3.27,-67.90
"01/18/2024 14:10:00","GENESE",61753,37.17,-1.32,-8.46
"01/18/2024 14:10:00","H Q",61844,29.37,-0.66,0.00
"01/18/2024 14:10:00","HUD VL",61758,100.19,3.03,-67.13
"01/18/2024 14:10:00","LONGIL",61762,143.72,3.96,-109.73
"01/18/2024 14:10:00","MHK VL",61756,47.36,1.74,-15.59
"01/18/2024 14:10:00","MILLWD",61759,101.46,3.21,-68.21
"01/18/2024 14:10:00","N.Y.C.",61761,103.55,3.51,-70.00
"01/18/2024 14:10:00","NORTH",61755,29.58,-0.45,0.00
"01/18/2024 14:10:00","NPX",61845,109.53,2.07,-77.42
"01/18/2024 14:10:00","O H",61846,37.28,-2.79,-10.04
"01/18/2024 14:10:00","PJM",61847,72.02,0.69,-41.30
"01/18/2024 14:10:00","WEST",61752,39.11,-1.83,-10.91
"01/18/2024 14:15:00","CAPITL",61757,117.58,1.88,-84.83
"01/18/2024 14:15:00","CENTRL",61754,42.02,-0.15,-11.31
"01/18/2024 14:15:00","DUNWOD",61760,101.15,3.33,-66.96
"01/18/2024 14:15:00","GENESE",61753,37.75,-1.45,-8.34
"01/18/2024 14:15:00","H Q",61844,30.21,-0.65,0.00
"01/18/2024 14:15:00","HUD VL",61758,100.15,3.09,-66.20
"01/18/2024 14:15:00","LONGIL",61762,143.70,4.04,-108.80
"01/18/2024 14:15:00","MHK VL",61756,48.03,1.79,-15.38
"01/18/2024 14:15:00","MILLWD",61759,101.43,3.30,-67.27
"01/18/2024 14:15:00","N.Y.C.",61761,101.45,3.61,-66.97
"01/18/2024 14:15:00","NORTH",61755,30.52,-0.34,0.00
"01/18/2024 14:15:00","NPX",61845,109.31,2.10,-76.35
"01/18/2024 14:15:00","O H",61846,37.80,-2.96,-9.90
"01/18/2024 14:15:00","PJM",61847,72.24,0.65,-40.73
"01/18/2024 14:15:00","WEST",61752,39.61,-2.01,-10.76
"01/18/2024 14:20:00","CAPITL",61757,117.82,1.83,-85.92
"01/18/2024 14:20:00","CENTRL",61754,41.38,-0.15,-11.46
"01/18/2024 14:20:00","DUNWOD",61760,101.13,3.25,-67.81
"01/18/2024 14:20:00","GENESE",61753,37.07,-1.44,-8.45
"01/18/2024 14:20:00","H Q",61844,29.47,-0.60,0.00
"01/18/2024 14:20:00","HUD VL",61758,100.09,2.98,-67.04
"01/18/2024 14:20:00","LONGIL",61762,143.69,3.91,-109.71
"01/18/2024 14:20:00","MHK VL",61756,47.35,1.71,-15.57
"01/18/2024 14:20:00","MILLWD",61759,101.38,3.19,-68.13
"01/18/2024 14:20:00","N.Y.C.",61761,101.42,3.52,-67.83
"01/18/2024 14:20:00","NORTH",61755,29.77,-0.30,0.00
"01/18/2024 14:20:00","NPX",61845,109.44,2.05,-77.33
"01/18/2024 14:20:00","O H",61846,37.12,-2.98,-10.03
"01/18/2024 14:20:00","PJM",61847,71.92,0.60,-41.25
"01/18/2024 14:20:00","WEST",61752,38.95,-2.01,-10.89
"01/18/2024 14:25:00","CAPITL",61757,118.40,1.71,-88.10
"01/18/2024 14:25:00","CENTRL",61754,40.16,-0.17,-11.75
"01/18/2024 14:25:00","DUNWOD",61760,101.18,3.06,-69.54
"01/18/2024 14:25:00","GENESE",61753,35.82,-1.43,-8.66
"01/18/2024 14:25:00","H Q",61844,28.01,-0.57,0.00
"01/18/2024 14:25:00","HUD VL",61758,100.16,2.83,-68.75
"01/18/2024 14:25:00","LONGIL",61762,144.61,3.71,-112.31
"01/18/2024 14:25:00","MHK VL",61756,46.12,1.57,-15.97
"01/18/2024 14:25:00","MILLWD",61759,101.47,3.03,-69.86
"01/18/2024 14:25:00","N.Y.C.",61761,101.45,3.31,-69.56
"01/18/2024 14:25:00","NORTH",61755,28.30,-0.29,0.00
"01/18/2024 14:25:00","NPX",61845,109.82,1.94,-79.29
"01/18/2024 14:25:00","O H",61846,35.98,-2.89,-10.29
"01/18/2024 14:25:00","PJM",61847,71.43,0.54,-42.30
"01/18/2024 14:25:00","WEST",61752,37.75,-2.00,-11.17
"01/18/2024 14:30:00","CAPITL",61757,118.31,1.76,-87.68
"01/18/2024 14:30:00","CENTRL",61754,40.36,-0.20,-11.69
"01/18/2024 14:30:00","DUNWOD",61760,101.16,3.09,-69.21
"01/18/2024 14:30:00","GENESE",61753,36.07,-1.41,-8.62
"01/18/2024 14:30:00","H Q",61844,28.29,-0.58,0.00
"01/18/2024 14:30:00","HUD VL",61758,100.15,2.86,-68.42
"01/18/2024 14:30:00","LONGIL",61762,143.70,3.75,-111.09
"01/18/2024 14:30:00","MHK VL",61756,46.32,1.56,-15.89
"01/18/2024 14:30:00","MILLWD",61759,101.45,3.06,-69.53
"01/18/2024 14:30:00","N.Y.C.",61761,101.44,3.35,-69.22
"01/18/2024 14:30:00","NORTH",61755,28.61,-0.26,0.00
"01/18/2024 14:30:00","NPX",61845,109.75,1.96,-78.92
"01/18/2024 14:30:00","O H",61846,36.24,-2.86,-10.24
"01/18/2024 14:30:00","PJM",61847,71.48,0.52,-42.10
"01/18/2024 14:30:00","WEST",61752,38.02,-1.96,-11.12
"01/18/2024 14:35:00","CAPITL",61757,116.93,1.84,-84.97
"01/18/2024 14:35:00","CENTRL",61754,41.27,-0.18,-11.33
"01/18/2024 14:35:00","DUNWOD",61760,100.41,3.22,-67.07
"01/18/2024 14:35:00","GENESE",61753,37.00,-1.48,-8.35
"01/18/2024 14:35:00","H Q",61844,29.52,-0.60,0.00
"01/18/2024 14:35:00","HUD VL",61758,99.41,2.98,-66.30
"01/18/2024 14:35:00","LONGIL",61762,143.69,3.91,-109.66
"01/18/2024 14:35:00","MHK VL",61756,47.20,1.69,-15.40
"01/18/2024 14:35:00","MILLWD",61759,100.69,3.19,-67.38
"01/18/2024 14:35:00","N.Y.C.",61761,100.75,3.49,-67.14
"01/18/2024 14:35:00","NORTH",61755,29.85,-0.27,0.00
"01/18/2024 14:35:00","NPX",61845,108.67,2.08,-76.48
"01/18/2024 14:35:00","O H",61846,37.06,-2.98,-9.92
"01/18/2024 14:35:00","PJM",61847,71.60,0.57,-40.91
"01/18/2024 14:35:00","WEST",61752,38.84,-2.05,-10.77
"01/18/2024 14:40:00","CAPITL",61757,116.68,1.92,-83.81
"01/18/2024 14:40:00","CENTRL",61754,41.91,-0.22,-11.18
"01/18/2024 14:40:00","DUNWOD",61760,100.41,3.31,-66.15
"01/18/2024 14:40:00","GENESE",61753,37.70,-1.48,-8.24
"01/18/2024 14:40:00","H Q",61844,30.33,-0.62,0.00
"01/18/2024 14:40:00","HUD VL",61758,99.41,3.06,-65.40
"01/18/2024 14:40:00","LONGIL",61762,143.67,4.02,-108.70
"01/18/2024 14:40:00","MHK VL",61756,47.84,1.70,-15.19
"01/18/2024 14:40:00","MILLWD",61759,100.68,3.28,-66.46
"01/18/2024 14:40:00","N.Y.C.",61761,100.76,3.59,-66.23
"01/18/2024 14:40:00","NORTH",61755,30.67,-0.28,0.00
"01/18/2024 14:40:00","NPX",61845,108.51,2.13,-75.43
"01/18/2024 14:40:00","O H",61846,37.70,-3.03,-9.78
"01/18/2024 14:40:00","PJM",61847,71.88,0.59,-40.35
"01/18/2024 14:40:00","WEST",61752,39.50,-2.07,-10.63
"01/18/2024 14:45:00","CAPITL",61757,116.20,1.96,-82.62
"01/18/2024 14:45:00","CENTRL",61754,42.45,-0.19,-11.02
"01/18/2024 14:45:00","DUNWOD",61760,100.22,3.38,-65.21
"01/18/2024 14:45:00","GENESE",61753,38.22,-1.52,-8.12
"01/18/2024 14:45:00","H Q",61844,30.99,-0.63,0.00
"01/18/2024 14:45:00","HUD VL",61758,99.22,3.13,-64.47
"01/18/2024 14:45:00","LONGIL",61762,143.71,4.11,-107.98
"01/18/2024 14:45:00","MHK VL",61756,48.36,1.77,-14.97
"01/18/2024 14:45:00","MILLWD",61759,100.48,3.35,-65.52
"01/18/2024 14:45:00","N.Y.C.",61761,100.61,3.70,-65.29
"01/18/2024 14:45:00","NORTH",61755,31.36,-0.25,0.00
"01/18/2024 14:45:00","NPX",61845,108.16,2.18,-74.36
"01/18/2024 14:45:00","O H",61846,38.17,-3.10,-9.65
"01/18/2024 14:45:00","PJM",61847,71.99,0.60,-39.78
"01/18/2024 14:45:00","WEST",61752,39.98,-2.12,-10.48
"01/18/2024 14:50:00","CAPITL",61757,108.65,2.04,-73.10
"01/18/2024 14:50:00","CENTRL",61754,43.06,-0.20,-9.75
"01/18/2024 14:50:00","DUNWOD",61760,94.83,3.62,-57.69
"01/18/2024 14:50:00","GENESE",61753,39.06,-1.64,-7.19
"01/18/2024 14:50:00","H Q",61844,32.87,-0.64,0.00
"01/18/2024 14:50:00","HUD VL",61758,93.87,3.32,-57.04
"01/18/2024 14:50:00","LONGIL",61762,143.74,4.35,-105.87
"01/18/2024 14:50:00","MHK VL",61756,48.60,1.84,-13.25
"01/18/2024 14:50:00","MILLWD",61759,95.02,3.55,-57.96
"01/18/2024 14:50:00","N.Y.C.",61761,100.91,3.92,-63.48
"01/18/2024 14:50:00","NORTH",61755,33.28,-0.23,0.00
"01/18/2024 14:50:00","NPX",61845,101.58,2.28,-65.79
"01/18/2024 14:50:00","O H",61846,38.69,-3.35,-8.53
"01/18/2024 14:50:00","PJM",61847,69.78,0.64,-35.64
"01/18/2024 14:50:00","WEST",61752,40.50,-2.28,-9.27
"01/18/2024 14:55:00","CAPITL",61757,108.69,2.04,-73.13
"01/18/2024 14:55:00","CENTRL",61754,43.06,-0.20,-9.75
"01/18/2024 14:55:00","DUNWOD",61760,94.85,3.62,-57.72
"01/18/2024 14:55:00","GENESE",61753,39.03,-1.67,-7.19
"01/18/2024 14:55:00","H Q",61844,32.87,-0.64,0.00
"01/18/2024 14:55:00","HUD VL",61758,93.93,3.35,-57.07
"01/18/2024 14:55:00","LONGIL",61762,143.74,4.39,-105.84
"01/18/2024 14:55:00","MHK VL",61756,48.61,1.84,-13.25
"01/18/2024 14:55:00","MILLWD",61759,95.05,3.55,-57.99
"01/18/2024 14:55:00","N.Y.C.",61761,100.91,3.92,-63.48
"01/18/2024 14:55:00","NORTH",61755,33.31,-0.20,0.00
"01/18/2024 14:55:00","NPX",61845,101.64,2.31,-65.82
"01/18/2024 14:55:00","O H",61846,38.66,-3.38,-8.54
"01/18/2024 14:55:00","PJM",61847,69.80,0.64,-35.65
"01/18/2024 14:55:00","WEST",61752,40.47,-2.31,-9.27
"01/18/2024 15:00:00","CAPITL",61757,104.55,2.04,-69.00
"01/18/2024 15:00:00","CENTRL",61754,42.54,-0.17,-9.20
"01/18/2024 15:00:00","DUNWOD",61760,91.59,3.62,-54.46
"01/18/2024 15:00:00","GENESE",61753,38.61,-1.67,-6.78
"01/18/2024 15:00:00","H Q",61844,32.87,-0.64,0.00
"01/18/2024 15:00:00","HUD VL",61758,90.67,3.32,-53.85
"01/18/2024 15:00:00","LONGIL",61762,92.77,4.35,-54.91
"01/18/2024 15:00:00","MHK VL",61756,47.82,1.81,-12.51
"01/18/2024 15:00:00","MILLWD",61759,91.77,3.55,-54.72
"01/18/2024 15:00:00","N.Y.C.",61761,101.08,3.92,-63.66
"01/18/2024 15:00:00","NORTH",61755,33.27,-0.23,0.00
"01/18/2024 15:00:00","NPX",61845,97.89,2.28,-62.11
"01/18/2024 15:00:00","O H",61846,38.14,-3.42,-8.06
"01/18/2024 15:00:00","PJM",61847,68.07,0.63,-33.93
"01/18/2024 15:00:00","WEST",61752,39.94,-2.31,-8.75
"01/18/2024 15:05:00","CAPITL",61757,98.12,2.12,-61.87
"01/18/2024 15:05:00","CENTRL",61754,42.10,-0.27,-8.25
"01/18/2024 15:05:00","DUNWOD",61760,86.62,3.65,-48.83
"01/18/2024 15:05:00","GENESE",61753,38.47,-1.74,-6.08
"01/18/2024 15:05:00","H Q",61844,33.48,-0.65,0.00
"01/18/2024 15:05:00","HUD VL",61758,85.79,3.38,-48.28
"01/18/2024 15:05:00","LONGIL",61762,88.02,4.37,-49.52
"01/18/2024 15:05:00","MHK VL",61756,47.12,1.77,-11.21
"01/18/2024 15:05:00","MILLWD",61759,86.80,3.62,-49.06
"01/18/2024 15:05:00","N.Y.C.",61761,101.32,3.96,-63.24
"01/18/2024 15:05:00","NORTH",61755,33.85,-0.27,0.00
"01/18/2024 15:05:00","NPX",61845,92.14,2.32,-55.69
"01/18/2024 15:05:00","O H",61846,37.87,-3.48,-7.22
"01/18/2024 15:05:00","PJM",61847,65.65,0.61,-30.91
"01/18/2024 15:05:00","WEST",61752,39.55,-2.42,-7.84
"01/18/2024 15:10:00","CAPITL",61757,107.20,1.71,-77.49
"01/18/2024 15:10:00","CENTRL",61754,38.07,-0.25,-10.32
"01/18/2024 15:10:00","DUNWOD",61760,92.22,3.00,-61.21
"01/18/2024 15:10:00","GENESE",61753,34.19,-1.46,-7.64
"01/18/2024 15:10:00","H Q",61844,27.45,-0.56,0.00
"01/18/2024 15:10:00","HUD VL",61758,91.31,2.77,-60.53
"01/18/2024 15:10:00","LONGIL",61762,93.23,3.59,-61.63
"01/18/2024 15:10:00","MHK VL",61756,43.49,1.43,-14.05
"01/18/2024 15:10:00","MILLWD",61759,92.47,2.97,-61.49
"01/18/2024 15:10:00","N.Y.C.",61761,100.99,3.25,-69.74
"01/18/2024 15:10:00","NORTH",61755,27.73,-0.28,0.00
"01/18/2024 15:10:00","NPX",61845,99.73,1.93,-69.80
"01/18/2024 15:10:00","O H",61846,34.12,-2.94,-9.05
"01/18/2024 15:10:00","PJM",61847,66.45,0.45,-37.99
"01/18/2024 15:10:00","WEST",61752,35.73,-2.10,-9.82
"01/18/2024 15:15:00","CAPITL",61757,108.55,1.76,-77.39
"01/18/2024 15:15:00","CENTRL",61754,39.46,-0.24,-10.31
"01/18/2024 15:15:00","DUNWOD",61760,93.68,3.15,-61.14
"01/18/2024 15:15:00","GENESE",61753,35.53,-1.50,-7.63
"01/18/2024 15:15:00","H Q",61844,28.81,-0.59,0.00
"01/18/2024 15:15:00","HUD VL",61758,92.76,2.91,-60.46
"01/18/2024 15:15:00","LONGIL",61762,94.67,3.79,-61.49
"01/18/2024 15:15:00","MHK VL",61756,44.93,1.50,-14.03
"01/18/2024 15:15:00","MILLWD",61759,93.93,3.11,-61.42
"01/18/2024 15:15:00","N.Y.C.",61761,100.89,3.41,-68.09
"01/18/2024 15:15:00","NORTH",61755,29.10,-0.29,0.00
"01/18/2024 15:15:00","NPX",61845,101.13,2.03,-69.71
"01/18/2024 15:15:00","O H",61846,35.41,-3.03,-9.04
"01/18/2024 15:15:00","PJM",61847,67.72,0.50,-37.83
"01/18/2024 15:15:00","WEST",61752,37.06,-2.14,-9.81
"01/18/2024 15:20:00","CAPITL",61757,99.48,2.08,-63.22
"01/18/2024 15:20:00","CENTRL",61754,42.46,-0.14,-8.42
"01/18/2024 15:20:00","DUNWOD",61760,87.81,3.69,-49.94
"01/18/2024 15:20:00","GENESE",61753,38.74,-1.67,-6.24
"01/18/2024 15:20:00","H Q",61844,33.49,-0.68,0.00
"01/18/2024 15:20:00","HUD VL",61758,86.98,3.42,-49.39
"01/18/2024 15:20:00","LONGIL",61762,89.19,4.48,-50.54
"01/18/2024 15:20:00","MHK VL",61756,47.41,1.78,-11.46
"01/18/2024 15:20:00","MILLWD",61759,88.01,3.66,-50.17
"01/18/2024 15:20:00","N.Y.C.",61761,100.54,4.00,-62.37
"01/18/2024 15:20:00","NORTH",61755,33.83,-0.34,0.00
"01/18/2024 15:20:00","NPX",61845,93.44,2.33,-56.94
"01/18/2024 15:20:00","O H",61846,38.14,-3.42,-7.39
"01/18/2024 15:20:00","PJM",61847,66.32,0.72,-31.43
"01/18/2024 15:20:00","WEST",61752,39.87,-2.33,-8.02
"01/18/2024 15:25:00","CAPITL",61757,104.51,2.04,-69.11
"01/18/2024 15:25:00","CENTRL",61754,42.44,-0.13,-9.20
"01/18/2024 15:25:00","DUNWOD",61760,91.57,3.60,-54.59
"01/18/2024 15:25:00","GENESE",61753,38.58,-1.60,-6.82
"01/18/2024 15:25:00","H Q",61844,32.67,-0.70,0.00
"01/18/2024 15:25:00","HUD VL",61758,90.69,3.34,-53.99
"01/18/2024 15:25:00","LONGIL",61762,92.75,4.37,-55.01
"01/18/2024 15:25:00","MHK VL",61756,47.63,1.73,-12.53
"01/18/2024 15:25:00","MILLWD",61759,91.79,3.57,-54.85
"01/18/2024 15:25:00","N.Y.C.",61761,100.33,3.90,-63.06
"01/18/2024 15:25:00","NORTH",61755,33.04,-0.33,0.00
"01/18/2024 15:25:00","NPX",61845,97.92,2.30,-62.25
"01/18/2024 15:25:00","O H",61846,38.17,-3.27,-8.07
"01/18/2024 15:25:00","PJM",61847,68.03,0.70,-33.95
"01/18/2024 15:25:00","WEST",61752,39.93,-2.20,-8.76
"01/18/2024 15:30:00","CAPITL",61757,108.62,2.00,-73.83
"01/18/2024 15:30:00","CENTRL",61754,42.43,-0.13,-9.77
"01/18/2024 15:30:00","DUNWOD",61760,94.69,3.58,-58.32
"01/18/2024 15:30:00","GENESE",61753,38.50,-1.54,-7.25
"01/18/2024 15:30:00","H Q",61844,32.10,-0.69,0.00
"01/18/2024 15:30:00","HUD VL",61758,93.75,3.28,-57.67
"01/18/2024 15:30:00","LONGIL",61762,95.71,4.33,-58.59
"01/18/2024 15:30:00","MHK VL",61756,47.95,1.57,-13.58
"01/18/2024 15:30:00","MILLWD",61759,94.89,3.51,-58.59
"01/18/2024 15:30:00","N.Y.C.",61761,100.19,3.87,-63.53
"01/18/2024 15:30:00","NORTH",61755,32.47,-0.33,0.00
"01/18/2024 15:30:00","NPX",61845,101.56,2.26,-66.50
"01/18/2024 15:30:00","O H",61846,38.17,-3.21,-8.59
"01/18/2024 15:30:00","PJM",61847,69.44,0.69,-35.96
"01/18/2024 15:30:00","WEST",61752,39.92,-2.20,-9.33
"01/18/2024 15:35:00","CAPITL",61757,115.44,1.89,-82.54
"01/18/2024 15:35:00","CENTRL",61754,41.81,-0.12,-10.92
"01/18/2024 15:35:00","DUNWOD",61760,99.56,3.35,-65.21
"01/18/2024 15:35:00","GENESE",61753,37.65,-1.46,-8.10
"01/18/2024 15:35:00","H Q",61844,30.35,-0.65,0.00
"01/18/2024 15:35:00","HUD VL",61758,98.59,3.10,-64.48
"01/18/2024 15:35:00","LONGIL",61762,100.31,4.06,-65.24
"01/18/2024 15:35:00","MHK VL",61756,47.65,1.46,-15.19
"01/18/2024 15:35:00","MILLWD",61759,99.83,3.32,-65.51
"01/18/2024 15:35:00","N.Y.C.",61761,99.94,3.66,-65.28
"01/18/2024 15:35:00","NORTH",61755,30.67,-0.34,0.00
"01/18/2024 15:35:00","NPX",61845,107.49,2.14,-74.35
"01/18/2024 15:35:00","O H",61846,37.58,-3.04,-9.61
"01/18/2024 15:35:00","PJM",61847,71.41,0.65,-39.75
"01/18/2024 15:35:00","WEST",61752,39.36,-2.08,-10.43
"01/18/2024 15:40:00","CAPITL",61757,115.16,1.94,-81.41
"01/18/2024 15:40:00","CENTRL",61754,42.49,-0.10,-10.77
"01/18/2024 15:40:00","DUNWOD",61760,99.56,3.44,-64.31
"01/18/2024 15:40:00","GENESE",61753,38.31,-1.49,-7.99
"01/18/2024 15:40:00","H Q",61844,31.14,-0.67,0.00
"01/18/2024 15:40:00","HUD VL",61758,98.59,3.18,-63.60
"01/18/2024 15:40:00","LONGIL",61762,100.32,4.17,-64.35
"01/18/2024 15:40:00","MHK VL",61756,48.29,1.50,-14.98
"01/18/2024 15:40:00","MILLWD",61759,99.82,3.41,-64.61
"01/18/2024 15:40:00","N.Y.C.",61761,99.91,3.72,-64.38
"01/18/2024 15:40:00","NORTH",61755,31.49,-0.32,0.00
"01/18/2024 15:40:00","NPX",61845,107.33,2.19,-73.33
"01/18/2024 15:40:00","O H",61846,38.17,-3.12,-9.47
"01/18/2024 15:40:00","PJM",61847,71.69,0.67,-39.21
"01/18/2024 15:40:00","WEST",61752,39.96,-2.13,-10.28
"01/18/2024 15:45:00","CAPITL",61757,117.47,1.88,-84.69
"01/18/2024 15:45:00","CENTRL",61754,41.95,-0.15,-11.21
"01/18/2024 15:45:00","DUNWOD",61760,101.10,3.31,-66.90
"01/18/2024 15:45:00","GENESE",61753,37.76,-1.45,-8.31
"01/18/2024 15:45:00","H Q",61844,30.28,-0.62,0.00
"01/18/2024 15:45:00","HUD VL",61758,100.11,3.06,-66.16
"01/18/2024 15:45:00","LONGIL",61762,143.24,4.01,-108.32
"01/18/2024 15:45:00","MHK VL",61756,47.93,1.45,-15.58
"01/18/2024 15:45:00","MILLWD",61759,101.38,3.27,-67.21
"01/18/2024 15:45:00","N.Y.C.",61761,101.39,3.58,-66.91
"01/18/2024 15:45:00","NORTH",61755,30.59,-0.31,0.00
"01/18/2024 15:45:00","NPX",61845,109.31,2.13,-76.28
"01/18/2024 15:45:00","O H",61846,37.69,-3.06,-9.85
"01/18/2024 15:45:00","PJM",61847,72.16,0.59,-40.68
"01/18/2024 15:45:00","WEST",61752,39.49,-2.10,-10.70
"01/18/2024 15:50:00","CAPITL",61757,127.50,1.84,-95.54
"01/18/2024 15:50:00","CENTRL",61754,42.61,-0.15,-12.64
"01/18/2024 15:50:00","DUNWOD",61760,108.78,3.19,-75.48
"01/18/2024 15:50:00","GENESE",61753,38.02,-1.47,-9.38
"01/18/2024 15:50:00","H Q",61844,29.51,-0.60,0.00
"01/18/2024 15:50:00","HUD VL",61758,107.73,2.98,-74.64
"01/18/2024 15:50:00","LONGIL",61762,143.22,3.89,-109.22
"01/18/2024 15:50:00","MHK VL",61756,49.14,1.45,-17.58
"01/18/2024 15:50:00","MILLWD",61759,109.10,3.16,-75.82
"01/18/2024 15:50:00","N.Y.C.",61761,108.83,3.46,-75.26
"01/18/2024 15:50:00","NORTH",61755,29.81,-0.30,0.00
"01/18/2024 15:50:00","NPX",61845,118.25,2.08,-86.06
"01/18/2024 15:50:00","O H",61846,38.16,-3.07,-11.12
"01/18/2024 15:50:00","PJM",61847,76.02,0.54,-45.36
"01/18/2024 15:50:00","WEST",61752,40.04,-2.14,-12.07
"01/18/2024 15:55:00","CAPITL",61757,123.49,1.90,-90.99
"01/18/2024 15:55:00","CENTRL",61754,42.49,-0.15,-12.04
"01/18/2024 15:55:00","DUNWOD",61760,105.76,3.28,-71.88
"01/18/2024 15:55:00","GENESE",61753,38.07,-1.47,-8.93
"01/18/2024 15:55:00","H Q",61844,29.99,-0.61,0.00
"01/18/2024 15:55:00","HUD VL",61758,104.72,3.03,-71.08
"01/18/2024 15:55:00","LONGIL",61762,143.73,3.98,-109.15
"01/18/2024 15:55:00","MHK VL",61756,48.79,1.44,-16.74
"01/18/2024 15:55:00","MILLWD",61759,106.06,3.24,-72.21
"01/18/2024 15:55:00","N.Y.C.",61761,105.91,3.55,-71.75
"01/18/2024 15:55:00","NORTH",61755,30.33,-0.28,0.00
"01/18/2024 15:55:00","NPX",61845,114.67,2.11,-81.96
"01/18/2024 15:55:00","O H",61846,38.16,-3.03,-10.59
"01/18/2024 15:55:00","PJM",61847,74.57,0.58,-43.38
"01/18/2024 15:55:00","WEST",61752,39.99,-2.11,-11.49
"01/18/2024 16:00:00","CAPITL",61757,117.52,1.92,-84.71
"01/18/2024 16:00:00","CENTRL",61754,41.98,-0.12,-11.21
"01/18/2024 16:00:00","DUNWOD",61760,101.09,3.27,-66.92
"01/18/2024 16:00:00","GENESE",61753,37.85,-1.36,-8.31
"01/18/2024 16:00:00","H Q",61844,30.25,-0.65,0.00
"01/18/2024 16:00:00","HUD VL",61758,100.13,3.06,-66.17
"01/18/2024 16:00:00","LONGIL",61762,101.80,3.96,-66.95
"01/18/2024 16:00:00","MHK VL",61756,47.97,1.48,-15.59
"01/18/2024 16:00:00","MILLWD",61759,101.36,3.24,-67.23
"01/18/2024 16:00:00","N.Y.C.",61761,101.39,3.55,-66.94
"01/18/2024 16:00:00","NORTH",61755,30.53,-0.37,0.00
"01/18/2024 16:00:00","NPX",61845,109.33,2.13,-76.30
"01/18/2024 16:00:00","O H",61846,37.85,-2.91,-9.86
"01/18/2024 16:00:00","PJM",61847,72.17,0.59,-40.69
"01/18/2024 16:00:00","WEST",61752,39.62,-1.98,-10.70
"01/18/2024 16:05:00","CAPITL",61757,117.04,1.92,-84.23
"01/18/2024 16:05:00","CENTRL",61754,41.91,-0.12,-11.15
"01/18/2024 16:05:00","DUNWOD",61760,100.80,3.37,-66.54
"01/18/2024 16:05:00","GENESE",61753,37.80,-1.36,-8.27
"01/18/2024 16:05:00","H Q",61844,30.21,-0.68,0.00
"01/18/2024 16:05:00","HUD VL",61758,99.81,3.12,-65.80
"01/18/2024 16:05:00","LONGIL",61762,142.71,4.08,-107.75
"01/18/2024 16:05:00","MHK VL",61756,47.87,1.48,-15.50
"01/18/2024 16:05:00","MILLWD",61759,101.07,3.34,-66.85
"01/18/2024 16:05:00","N.Y.C.",61761,101.13,3.64,-66.60
"01/18/2024 16:05:00","NORTH",61755,30.43,-0.46,0.00
"01/18/2024 16:05:00","NPX",61845,108.89,2.13,-75.87
"01/18/2024 16:05:00","O H",61846,37.78,-2.90,-9.80
"01/18/2024 16:05:00","PJM",61847,72.01,0.65,-40.48
"01/18/2024 16:05:00","WEST",61752,39.55,-1.98,-10.64
"01/18/2024 16:10:00","CAPITL",61757,106.42,2.08,-71.36
"01/18/2024 16:10:00","CENTRL",61754,42.33,-0.16,-9.51
"01/18/2024 16:10:00","DUNWOD",61760,92.87,3.60,-56.30
"01/18/2024 16:10:00","GENESE",61753,38.54,-1.48,-7.04
"01/18/2024 16:10:00","H Q",61844,32.29,-0.69,0.00
"01/18/2024 16:10:00","HUD VL",61758,92.00,3.33,-55.69
"01/18/2024 16:10:00","LONGIL",61762,142.84,4.39,-105.48
"01/18/2024 16:10:00","MHK VL",61756,47.47,1.71,-12.77
"01/18/2024 16:10:00","MILLWD",61759,93.07,3.53,-56.56
"01/18/2024 16:10:00","N.Y.C.",61761,101.54,3.89,-64.68
"01/18/2024 16:10:00","NORTH",61755,32.62,-0.36,0.00
"01/18/2024 16:10:00","NPX",61845,99.45,2.27,-64.19
"01/18/2024 16:10:00","O H",61846,38.17,-3.13,-8.33
"01/18/2024 16:10:00","PJM",61847,68.51,0.63,-34.91
"01/18/2024 16:10:00","WEST",61752,39.83,-2.18,-9.03
"01/18/2024 16:15:00","CAPITL",61757,104.69,2.10,-69.27
"01/18/2024 16:15:00","CENTRL",61754,42.39,-0.17,-9.23
"01/18/2024 16:15:00","DUNWOD",61760,91.57,3.60,-54.65
"01/18/2024 16:15:00","GENESE",61753,38.63,-1.53,-6.84
"01/18/2024 16:15:00","H Q",61844,32.62,-0.70,0.00
"01/18/2024 16:15:00","HUD VL",61758,90.71,3.33,-54.06
"01/18/2024 16:15:00","LONGIL",61762,143.70,4.40,-105.98
"01/18/2024 16:15:00","MHK VL",61756,47.49,1.77,-12.40
"01/18/2024 16:15:00","MILLWD",61759,91.79,3.57,-54.90
"01/18/2024 16:15:00","N.Y.C.",61761,101.58,3.90,-64.36
"01/18/2024 16:15:00","NORTH",61755,32.96,-0.37,0.00
"01/18/2024 16:15:00","NPX",61845,97.90,2.27,-62.31
"01/18/2024 16:15:00","O H",61846,38.14,-3.26,-8.08
"01/18/2024 16:15:00","PJM",61847,67.93,0.60,-34.00
"01/18/2024 16:15:00","WEST",61752,39.79,-2.30,-8.77
"01/18/2024 16:20:00","CAPITL",61757,91.98,2.20,-54.81
"01/18/2024 16:20:00","CENTRL",61754,42.17,-0.10,-7.31
"01/18/2024 16:20:00","DUNWOD",61760,81.99,3.78,-43.24
"01/18/2024 16:20:00","GENESE",61753,38.87,-1.50,-5.41
"01/18/2024 16:20:00","H Q",61844,34.20,-0.77,0.00
"01/18/2024 16:20:00","HUD VL",61758,81.27,3.53,-42.78
"01/18/2024 16:20:00","LONGIL",61762,143.36,4.65,-103.74
"01/18/2024 16:20:00","MHK VL",61756,46.67,1.89,-9.81
"01/18/2024 16:20:00","MILLWD",61759,82.15,3.74,-43.44
"01/18/2024 16:20:00","N.Y.C.",61761,102.10,4.09,-63.05
"01/18/2024 16:20:00","NORTH",61755,34.58,-0.38,0.00
"01/18/2024 16:20:00","NPX",61845,86.62,2.34,-49.31
"01/18/2024 16:20:00","O H",61846,38.15,-3.22,-6.40
"01/18/2024 16:20:00","PJM",61847,63.54,0.74,-27.84
"01/18/2024 16:20:00","WEST",61752,39.74,-2.17,-6.94
"01/18/2024 16:25:00","CAPITL",61757,97.26,2.11,-61.05
"01/18/2024 16:25:00","CENTRL",61754,42.03,-0.20,-8.14
"01/18/2024 16:25:00","DUNWOD",61760,85.94,3.68,-48.16
"01/18/2024 16:25:00","GENESE",61753,38.55,-1.57,-6.02
"01/18/2024 16:25:00","H Q",61844,33.38,-0.72,0.00
"01/18/2024 16:25:00","HUD VL",61758,85.18,3.44,-47.64
"01/18/2024 16:25:00","LONGIL",61762,143.11,4.54,-104.47
"01/18/2024 16:25:00","MHK VL",61756,46.83,1.81,-10.93
"01/18/2024 16:25:00","MILLWD",61759,86.13,3.65,-48.38
"01/18/2024 16:25:00","N.Y.C.",61761,102.22,4.02,-64.10
"01/18/2024 16:25:00","NORTH",61755,33.75,-0.34,0.00
"01/18/2024 16:25:00","NPX",61845,91.30,2.28,-54.92
"01/18/2024 16:25:00","O H",61846,37.91,-3.31,-7.12
"01/18/2024 16:25:00","PJM",61847,65.23,0.61,-30.52
"01/18/2024 16:25:00","WEST",61752,39.47,-2.35,-7.73
"01/18/2024 16:30:00","CAPITL",61757,91.98,2.29,-53.44
"01/18/2024 16:30:00","CENTRL",61754,43.24,-0.14,-7.12
"01/18/2024 16:30:00","DUNWOD",61760,82.34,3.92,-42.16
"01/18/2024 16:30:00","GENESE",61753,39.90,-1.63,-5.27
"01/18/2024 16:30:00","H Q",61844,35.49,-0.76,0.00
"01/18/2024 16:30:00","HUD VL",61758,81.59,3.63,-41.71
"01/18/2024 16:30:00","LONGIL",61762,141.15,4.79,-100.10
"01/18/2024 16:30:00","MHK VL",61756,47.78,1.96,-9.57
"01/18/2024 16:30:00","MILLWD",61759,82.49,3.88,-42.36
"01/18/2024 16:30:00","N.Y.C.",61761,102.67,4.24,-62.17
"01/18/2024 16:30:00","NORTH",61755,35.93,-0.33,0.00
"01/18/2024 16:30:00","NPX",61845,86.76,2.43,-48.07
"01/18/2024 16:30:00","O H",61846,39.01,-3.48,-6.24
"01/18/2024 16:30:00","PJM",61847,64.09,0.69,-27.14
"01/18/2024 16:30:00","WEST",61752,40.63,-2.39,-6.76
"01/18/2024 16:35:00","CAPITL",61757,97.27,2.27,-59.03
"01/18/2024 16:35:00","CENTRL",61754,43.73,-0.11,-7.87
"01/18/2024 16:35:00","DUNWOD",61760,86.42,3.89,-46.57
"01/18/2024 16:35:00","GENESE",61753,40.14,-1.65,-5.83
"01/18/2024 16:35:00","H Q",61844,35.21,-0.76,0.00
"01/18/2024 16:35:00","HUD VL",61758,85.63,3.60,-46.07
"01/18/2024 16:35:00","LONGIL",61762,137.23,4.75,-96.51
"01/18/2024 16:35:00","MHK VL",61756,48.48,1.94,-10.57
"01/18/2024 16:35:00","MILLWD",61759,86.60,3.85,-46.78
"01/18/2024 16:35:00","N.Y.C.",61761,102.23,4.21,-62.06
"01/18/2024 16:35:00","NORTH",61755,35.68,-0.29,0.00
"01/18/2024 16:35:00","NPX",61845,91.48,2.41,-53.10
"01/18/2024 16:35:00","O H",61846,39.40,-3.45,-6.89
"01/18/2024 16:35:00","PJM",61847,66.16,0.68,-29.51
"01/18/2024 16:35:00","WEST",61752,41.06,-2.38,-7.47
"01/18/2024 16:40:00","CAPITL",61757,106.42,2.08,-71.27
"01/18/2024 16:40:00","CENTRL",61754,42.40,-0.16,-9.50
"01/18/2024 16:40:00","DUNWOD",61760,92.86,3.57,-56.22
"01/18/2024 16:40:00","GENESE",61753,38.58,-1.52,-7.03
"01/18/2024 16:40:00","H Q",61844,32.37,-0.70,0.00
"01/18/2024 16:40:00","HUD VL",61758,91.99,3.31,-55.62
"01/18/2024 16:40:00","LONGIL",61762,129.60,4.36,-92.17
"01/18/2024 16:40:00","MHK VL",61756,47.57,1.75,-12.76
"01/18/2024 16:40:00","MILLWD",61759,93.05,3.50,-56.48
"01/18/2024 16:40:00","N.Y.C.",61761,101.87,3.87,-64.93
"01/18/2024 16:40:00","NORTH",61755,32.77,-0.30,0.00
"01/18/2024 16:40:00","NPX",61845,99.39,2.22,-64.11
"01/18/2024 16:40:00","O H",61846,38.17,-3.21,-8.32
"01/18/2024 16:40:00","PJM",61847,68.53,0.60,-34.86
"01/18/2024 16:40:00","WEST",61752,39.83,-2.25,-9.02
"01/18/2024 16:45:00","CAPITL",61757,108.83,2.11,-73.26
"01/18/2024 16:45:00","CENTRL",61754,43.06,-0.17,-9.77
"01/18/2024 16:45:00","DUNWOD",61760,94.87,3.62,-57.79
"01/18/2024 16:45:00","GENESE",61753,39.15,-1.54,-7.23
"01/18/2024 16:45:00","H Q",61844,32.79,-0.67,0.00
"01/18/2024 16:45:00","HUD VL",61758,93.98,3.35,-57.17
"01/18/2024 16:45:00","LONGIL",61762,95.98,4.38,-58.13
"01/18/2024 16:45:00","MHK VL",61756,48.38,1.81,-13.11
"01/18/2024 16:45:00","MILLWD",61759,95.11,3.58,-58.06
"01/18/2024 16:45:00","N.Y.C.",61761,101.80,3.91,-64.42
"01/18/2024 16:45:00","NORTH",61755,33.19,-0.27,0.00
"01/18/2024 16:45:00","NPX",61845,101.61,2.24,-65.90
"01/18/2024 16:45:00","O H",61846,38.73,-3.28,-8.55
"01/18/2024 16:45:00","PJM",61847,69.75,0.63,-35.66
"01/18/2024 16:45:00","WEST",61752,40.46,-2.28,-9.27
"01/18/2024 16:50:00","CAPITL",61757,97.40,4.94,-15.28
"01/18/2024 16:50:00","CENTRL",61754,79.06,-0.15,-2.04
"01/18/2024 16:50:00","DUNWOD",61760,97.57,8.34,-12.05
"01/18/2024 16:50:00","GENESE",61753,75.14,-3.55,-1.51
"01/18/2024 16:50:00","H Q",61844,75.56,-1.62,0.00
"01/18/2024 16:50:00","HUD VL",61758,96.90,7.79,-11.92
"01/18/2024 16:50:00","LONGIL",61762,99.34,9.96,-12.20
"01/18/2024 16:50:00","MHK VL",61756,84.16,4.24,-2.73
"01/18/2024 16:50:00","MILLWD",61759,97.55,8.26,-12.11
"01/18/2024 16:50:00","N.Y.C.",61761,101.39,9.03,-15.19
"01/18/2024 16:50:00","NORTH",61755,76.56,-0.62,0.00
"01/18/2024 16:50:00","NPX",61845,96.10,5.17,-13.74
"01/18/2024 16:50:00","O H",61846,71.40,-7.56,-1.78
"01/18/2024 16:50:00","PJM",61847,86.40,1.62,-7.60
"01/18/2024 16:50:00","WEST",61752,74.10,-5.02,-1.93
"01/18/2024 16:55:00","CAPITL",61757,103.98,4.74,-25.19
"01/18/2024 16:55:00","CENTRL",61754,77.34,-0.07,-3.36
"01/18/2024 16:55:00","DUNWOD",61760,101.85,7.93,-19.87
"01/18/2024 16:55:00","GENESE",61753,73.14,-3.41,-2.49
"01/18/2024 16:55:00","H Q",61844,72.50,-1.56,0.00
"01/18/2024 16:55:00","HUD VL",61758,101.19,7.48,-19.66
"01/18/2024 16:55:00","LONGIL",61762,103.61,9.62,-19.93
"01/18/2024 16:55:00","MHK VL",61756,82.63,4.07,-4.51
"01/18/2024 16:55:00","MILLWD",61759,101.94,7.93,-19.96
"01/18/2024 16:55:00","N.Y.C.",61761,103.68,8.59,-21.04
"01/18/2024 16:55:00","NORTH",61755,73.54,-0.51,0.00
"01/18/2024 16:55:00","NPX",61845,101.67,4.96,-22.66
"01/18/2024 16:55:00","O H",61846,69.74,-7.25,-2.94
"01/18/2024 16:55:00","PJM",61847,87.82,1.56,-12.21
"01/18/2024 16:55:00","WEST",61752,72.43,-4.81,-3.19
"01/18/2024 17:00:00","CAPITL",61757,100.05,2.73,-54.74
"01/18/2024 17:00:00","CENTRL",61754,49.87,0.00,-7.30
"01/18/2024 17:00:00","DUNWOD",61760,90.45,4.68,-43.19
"01/18/2024 17:00:00","GENESE",61753,46.27,-1.70,-5.40
"01/18/2024 17:00:00","H Q",61844,41.64,-0.94,0.00
"01/18/2024 17:00:00","HUD VL",61758,89.68,4.39,-42.72
"01/18/2024 17:00:00","LONGIL",61762,143.94,5.79,-95.57
"01/18/2024 17:00:00","MHK VL",61756,54.72,2.34,-9.80
"01/18/2024 17:00:00","MILLWD",61759,90.60,4.64,-43.39
"01/18/2024 17:00:00","N.Y.C.",61761,98.05,5.06,-50.41
"01/18/2024 17:00:00","NORTH",61755,42.23,-0.34,0.00
"01/18/2024 17:00:00","NPX",61845,94.72,2.90,-49.24
"01/18/2024 17:00:00","O H",61846,45.22,-3.75,-6.39
"01/18/2024 17:00:00","PJM",61847,70.54,1.06,-26.90
"01/18/2024 17:00:00","WEST",61752,47.08,-2.43,-6.93
"01/18/2024 17:05:00","CAPITL",61757,104.90,2.09,-70.23
"01/18/2024 17:05:00","CENTRL",61754,41.98,0.03,-9.36
"01/18/2024 17:05:00","DUNWOD",61760,91.64,3.65,-55.41
"01/18/2024 17:05:00","GENESE",61753,38.37,-1.14,-6.93
"01/18/2024 17:05:00","H Q",61844,31.83,-0.75,0.00
"01/18/2024 17:05:00","HUD VL",61758,90.78,3.39,-54.81
"01/18/2024 17:05:00","LONGIL",61762,726.05,4.56,-688.90
"01/18/2024 17:05:00","MHK VL",61756,46.98,1.82,-12.57
"01/18/2024 17:05:00","MILLWD",61759,91.86,3.62,-55.66
"01/18/2024 17:05:00","N.Y.C.",61761,98.17,3.94,-61.64
"01/18/2024 17:05:00","NORTH",61755,32.26,-0.33,0.00
"01/18/2024 17:05:00","NPX",61845,97.98,2.22,-63.18
"01/18/2024 17:05:00","O H",61846,38.14,-2.64,-8.20
"01/18/2024 17:05:00","PJM",61847,67.74,0.88,-34.28
"01/18/2024 17:05:00","WEST",61752,39.81,-1.66,-8.89
"01/18/2024 17:10:00","CAPITL",61757,118.24,1.33,-96.39
"01/18/2024 17:10:00","CENTRL",61754,33.23,0.00,-12.71
"01/18/2024 17:10:00","DUNWOD",61760,98.81,2.30,-76.00
"01/18/2024 17:10:00","GENESE",61753,29.35,-0.70,-9.53
"01/18/2024 17:10:00","H Q",61844,20.04,-0.47,0.00
"01/18/2024 17:10:00","HUD VL",61758,97.88,2.13,-75.23
"01/18/2024 17:10:00","LONGIL",61762,186.41,2.79,-163.10
"01/18/2024 17:10:00","MHK VL",61756,38.93,1.15,-17.27
"01/18/2024 17:10:00","MILLWD",61759,99.11,2.26,-76.34
"01/18/2024 17:10:00","N.Y.C.",61761,99.06,2.46,-76.08
"01/18/2024 17:10:00","NORTH",61755,20.31,-0.21,0.00
"01/18/2024 17:10:00","NPX",61845,108.57,1.40,-86.66
"01/18/2024 17:10:00","O H",61846,30.09,-1.66,-11.24
"01/18/2024 17:10:00","PJM",61847,67.40,0.53,-46.35
"01/18/2024 17:10:00","WEST",61752,31.63,-1.07,-12.18
"01/18/2024 17:15:00","CAPITL",61757,105.82,2.13,-70.86
"01/18/2024 17:15:00","CENTRL",61754,42.08,-0.10,-9.34
"01/18/2024 17:15:00","DUNWOD",61760,92.37,3.68,-55.86
"01/18/2024 17:15:00","GENESE",61753,38.56,-1.28,-7.01
"01/18/2024 17:15:00","H Q",61844,32.11,-0.72,0.00
"01/18/2024 17:15:00","HUD VL",61758,91.55,3.41,-55.30
"01/18/2024 17:15:00","LONGIL",61762,146.01,4.46,-108.72
"01/18/2024 17:15:00","MHK VL",61756,47.33,1.80,-12.69
"01/18/2024 17:15:00","MILLWD",61759,92.59,3.64,-56.11
"01/18/2024 17:15:00","N.Y.C.",61761,94.21,3.97,-57.41
"01/18/2024 17:15:00","NORTH",61755,32.54,-0.30,0.00
"01/18/2024 17:15:00","NPX",61845,98.80,2.26,-63.70
"01/18/2024 17:15:00","O H",61846,38.14,-2.95,-8.26
"01/18/2024 17:15:00","PJM",61847,67.63,0.72,-34.07
"01/18/2024 17:15:00","WEST",61752,39.75,-2.04,-8.95
"01/18/2024 17:17:50","CAPITL",61757,109.86,1.77,-80.91
"01/18/2024 17:17:50","CENTRL",61754,37.83,-0.03,-10.67
"01/18/2024 17:17:50","DUNWOD",61760,93.99,3.02,-63.79
"01/18/2024 17:17:50","GENESE",61753,34.07,-1.12,-8.00
"01/18/2024 17:17:50","H Q",61844,26.56,-0.62,0.00
"01/18/2024 17:17:50","HUD VL",61758,93.16,2.83,-63.15
"01/18/2024 17:17:50","LONGIL",61762,143.68,3.70,-112.80
"01/18/2024 17:17:50","MHK VL",61756,43.22,1.55,-14.49
"01/18/2024 17:17:50","MILLWD",61759,94.25,2.99,-64.07
"01/18/2024 17:17:50","N.Y.C.",61761,95.34,3.26,-64.90
"01/18/2024 17:17:50","NORTH",61755,26.94,-0.25,0.00
"01/18/2024 17:17:50","NPX",61845,101.79,1.87,-72.73
"01/18/2024 17:17:50","O H",61846,34.12,-2.50,-9.43
"01/18/2024 17:17:50","PJM",61847,66.69,0.60,-38.91
"01/18/2024 17:17:50","WEST",61752,35.72,-1.69,-10.22
"01/18/2024 17:19:08","CAPITL",61757,100.98,2.83,-55.32
"01/18/2024 17:19:08","CENTRL",61754,50.13,0.00,-7.29
"01/18/2024 17:19:08","DUNWOD",61760,91.20,4.75,-43.61
"01/18/2024 17:19:08","GENESE",61753,46.43,-1.88,-5.47
"01/18/2024 17:19:08","H Q",61844,41.90,-0.94,0.00
"01/18/2024 17:19:08","HUD VL",61758,90.47,4.46,-43.17
"01/18/2024 17:19:08","LONGIL",61762,143.90,5.78,-95.28
"01/18/2024 17:19:08","MHK VL",61756,55.19,2.44,-9.91
"01/18/2024 17:19:08","MILLWD",61759,91.36,4.71,-43.81
"01/18/2024 17:19:08","N.Y.C.",61761,93.51,5.14,-45.53
"01/18/2024 17:19:08","NORTH",61755,42.54,-0.30,0.00
"01/18/2024 17:19:08","NPX",61845,95.48,2.91,-49.73
"01/18/2024 17:19:08","O H",61846,45.18,-4.11,-6.45
"01/18/2024 17:19:08","PJM",61847,70.34,0.90,-26.60
"01/18/2024 17:19:08","WEST",61752,47.04,-2.78,-6.99
"01/18/2024 17:20:00","CAPITL",61757,102.64,2.80,-57.35
"01/18/2024 17:20:00","CENTRL",61754,50.04,0.00,-7.56
"01/18/2024 17:20:00","DUNWOD",61760,92.41,4.71,-45.22
"01/18/2024 17:20:00","GENESE",61753,46.37,-1.78,-5.67
"01/18/2024 17:20:00","H Q",61844,41.54,-0.93,0.00
"01/18/2024 17:20:00","HUD VL",61758,91.66,4.42,-44.76
"01/18/2024 17:20:00","LONGIL",61762,101.06,5.73,-52.85
"01/18/2024 17:20:00","MHK VL",61756,55.17,2.42,-10.27
"01/18/2024 17:20:00","MILLWD",61759,92.57,4.67,-45.42
"01/18/2024 17:20:00","N.Y.C.",61761,94.36,5.10,-46.78
"01/18/2024 17:20:00","NORTH",61755,42.18,-0.30,0.00
"01/18/2024 17:20:00","NPX",61845,96.97,2.93,-51.56
"01/18/2024 17:20:00","O H",61846,45.17,-3.99,-6.69
"01/18/2024 17:20:00","PJM",61847,70.95,0.89,-27.58
"01/18/2024 17:20:00","WEST",61752,47.05,-2.67,-7.25
"01/18/2024 17:25:00","CAPITL",61757,102.64,2.80,-57.35
"01/18/2024 17:25:00","CENTRL",61754,50.04,0.00,-7.56
"01/18/2024 17:25:00","DUNWOD",61760,92.41,4.71,-45.22
"01/18/2024 17:25:00","GENESE",61753,46.37,-1.78,-5.67
"01/18/2024 17:25:00","H Q",61844,41.54,-0.93,0.00
"01/18/2024 17:25:00","HUD VL",61758,91.66,4.42,-44.76
"01/18/2024 17:25:00","LONGIL",61762,101.06,5.73,-52.85
"01/18/2024 17:25:00","MHK VL",61756,55.17,2.42,-10.27
"01/18/2024 17:25:00","MILLWD",61759,92.57,4.67,-45.42
"01/18/2024 17:25:00","N.Y.C.",61761,94.36,5.10,-46.78
"01/18/2024 17:25:00","NORTH",61755,42.18,-0.30,0.00
"01/18/2024 17:25:00","NPX",61845,96.97,2.93,-51.56
"01/18/2024 17:25:00","O H",61846,45.17,-3.99,-6.69
"01/18/2024 17:25:00","PJM",61847,70.95,0.89,-27.58
"01/18/2024 17:25:00","WEST",61752,47.05,-2.67,-7.25
"01/18/2024 17:30:00","CAPITL",61757,113.93,2.09,-80.13
"01/18/2024 17:30:00","CENTRL",61754,42.24,-0.03,-10.57
"01/18/2024 17:30:00","DUNWOD",61760,98.37,3.49,-63.17
"01/18/2024 17:30:00","GENESE",61753,38.33,-1.30,-7.92
"01/18/2024 17:30:00","H Q",61844,31.01,-0.70,0.00
"01/18/2024 17:30:00","HUD VL",61758,97.55,3.30,-62.54
"01/18/2024 17:30:00","LONGIL",61762,143.72,4.25,-107.76
"01/18/2024 17:30:00","MHK VL",61756,47.87,1.81,-14.35
"01/18/2024 17:30:00","MILLWD",61759,98.62,3.46,-63.46
"01/18/2024 17:30:00","N.Y.C.",61761,98.68,3.74,-63.23
"01/18/2024 17:30:00","NORTH",61755,31.49,-0.22,0.00
"01/18/2024 17:30:00","NPX",61845,105.93,2.19,-72.04
"01/18/2024 17:30:00","O H",61846,38.14,-2.92,-9.34
"01/18/2024 17:30:00","PJM",61847,70.91,0.67,-38.53
"01/18/2024 17:30:00","WEST",61752,39.87,-1.97,-10.12
"01/18/2024 17:35:00","CAPITL",61757,106.40,3.38,-51.78
"01/18/2024 17:35:00","CENTRL",61754,57.97,-0.10,-6.83
"01/18/2024 17:35:00","DUNWOD",61760,97.70,5.64,-40.82
"01/18/2024 17:35:00","GENESE",61753,54.21,-2.15,-5.12
"01/18/2024 17:35:00","H Q",61844,50.11,-1.13,0.00
"01/18/2024 17:35:00","HUD VL",61758,96.98,5.33,-40.41
"01/18/2024 17:35:00","LONGIL",61762,149.71,6.87,-91.60
"01/18/2024 17:35:00","MHK VL",61756,63.38,2.87,-9.27
"01/18/2024 17:35:00","MILLWD",61759,97.83,5.59,-41.00
"01/18/2024 17:35:00","N.Y.C.",61761,98.14,6.09,-40.80
"01/18/2024 17:35:00","NORTH",61755,50.88,-0.36,0.00
"01/18/2024 17:35:00","NPX",61845,101.32,3.53,-46.55
"01/18/2024 17:35:00","O H",61846,52.46,-4.82,-6.04
"01/18/2024 17:35:00","PJM",61847,77.03,1.02,-24.77
"01/18/2024 17:35:00","WEST",61752,54.45,-3.33,-6.54
"01/18/2024 17:40:00","CAPITL",61757,104.54,3.94,-40.89
"01/18/2024 17:40:00","CENTRL",61754,64.92,-0.18,-5.39
"01/18/2024 17:40:00","DUNWOD",61760,98.51,6.57,-32.24
"01/18/2024 17:40:00","GENESE",61753,61.13,-2.63,-4.04
"01/18/2024 17:40:00","H Q",61844,58.39,-1.31,0.00
"01/18/2024 17:40:00","HUD VL",61758,97.77,6.15,-31.91
"01/18/2024 17:40:00","LONGIL",61762,101.37,7.94,-33.73
"01/18/2024 17:40:00","MHK VL",61756,70.49,3.46,-7.32
"01/18/2024 17:40:00","MILLWD",61759,98.60,6.51,-32.38
"01/18/2024 17:40:00","N.Y.C.",61761,99.02,7.04,-32.27
"01/18/2024 17:40:00","NORTH",61755,59.35,-0.36,0.00
"01/18/2024 17:40:00","NPX",61845,100.58,4.12,-36.76
"01/18/2024 17:40:00","O H",61846,58.63,-5.85,-4.77
"01/18/2024 17:40:00","PJM",61847,80.45,1.08,-19.66
"01/18/2024 17:40:00","WEST",61752,60.81,-4.06,-5.17
"01/18/2024 17:45:00","CAPITL",61757,107.92,3.67,-49.48
"01/18/2024 17:45:00","CENTRL",61754,61.07,-0.22,-6.53
"01/18/2024 17:45:00","DUNWOD",61760,99.75,5.97,-39.01
"01/18/2024 17:45:00","GENESE",61753,57.30,-2.35,-4.89
"01/18/2024 17:45:00","H Q",61844,53.56,-1.21,0.00
"01/18/2024 17:45:00","HUD VL",61758,99.03,5.64,-38.62
"01/18/2024 17:45:00","LONGIL",61762,102.70,7.28,-40.65
"01/18/2024 17:45:00","MHK VL",61756,66.97,3.34,-8.86
"01/18/2024 17:45:00","MILLWD",61759,99.92,5.97,-39.19
"01/18/2024 17:45:00","N.Y.C.",61761,100.21,6.40,-39.05
"01/18/2024 17:45:00","NORTH",61755,54.27,-0.49,0.00
"01/18/2024 17:45:00","NPX",61845,103.08,3.83,-44.48
"01/18/2024 17:45:00","O H",61846,55.28,-5.26,-5.77
"01/18/2024 17:45:00","PJM",61847,79.54,0.99,-23.79
"01/18/2024 17:45:00","WEST",61752,57.29,-3.73,-6.25
"01/18/2024 17:50:00","CAPITL",61757,104.63,4.00,-41.01
"01/18/2024 17:50:00","CENTRL",61754,64.79,-0.24,-5.41
"01/18/2024 17:50:00","DUNWOD",61760,98.45,6.50,-32.33
"01/18/2024 17:50:00","GENESE",61753,61.06,-2.62,-4.06
"01/18/2024 17:50:00","H Q",61844,58.31,-1.31,0.00
"01/18/2024 17:50:00","HUD VL",61758,97.77,6.14,-32.01
"01/18/2024 17:50:00","LONGIL",61762,101.79,7.87,-34.29
"01/18/2024 17:50:00","MHK VL",61756,70.67,3.70,-7.35
"01/18/2024 17:50:00","MILLWD",61759,98.54,6.44,-32.48
"01/18/2024 17:50:00","N.Y.C.",61761,97.59,6.97,-30.99
"01/18/2024 17:50:00","NORTH",61755,59.03,-0.60,0.00
"01/18/2024 17:50:00","NPX",61845,100.66,4.17,-36.87
"01/18/2024 17:50:00","O H",61846,58.62,-5.78,-4.78
"01/18/2024 17:50:00","PJM",61847,77.50,1.07,-16.81
"01/18/2024 17:50:00","WEST",61752,60.81,-3.99,-5.18
"01/18/2024 17:55:00","CAPITL",61757,111.31,2.75,-67.53
"01/18/2024 17:55:00","CENTRL",61754,49.77,-0.16,-8.91
"01/18/2024 17:55:00","DUNWOD",61760,98.74,4.47,-53.24
"01/18/2024 17:55:00","GENESE",61753,46.03,-1.68,-6.68
"01/18/2024 17:55:00","H Q",61844,40.13,-0.90,0.00
"01/18/2024 17:55:00","HUD VL",61758,97.97,4.23,-52.71
"01/18/2024 17:55:00","LONGIL",61762,103.44,5.37,-57.04
"01/18/2024 17:55:00","MHK VL",61756,55.63,2.50,-12.10
"01/18/2024 17:55:00","MILLWD",61759,98.98,4.47,-53.48
"01/18/2024 17:55:00","N.Y.C.",61761,99.07,4.80,-53.24
"01/18/2024 17:55:00","NORTH",61755,40.62,-0.41,0.00
"01/18/2024 17:55:00","NPX",61845,104.61,2.87,-60.71
"01/18/2024 17:55:00","O H",61846,45.13,-3.77,-7.87
"01/18/2024 17:55:00","PJM",61847,74.18,0.78,-32.37
"01/18/2024 17:55:00","WEST",61752,47.02,-2.54,-8.53
"01/18/2024 18:00:00","CAPITL",61757,92.79,5.83,0.00
"01/18/2024 18:00:00","CENTRL",61754,86.70,-0.26,0.00
"01/18/2024 18:00:00","DUNWOD",61760,96.44,9.48,0.00
"01/18/2024 18:00:00","GENESE",61753,83.23,-3.74,0.00
"01/18/2024 18:00:00","H Q",61844,85.05,-1.91,0.00
"01/18/2024 18:00:00","HUD VL",61758,95.92,8.96,0.00
"01/18/2024 18:00:00","LONGIL",61762,101.57,11.48,-3.13
"01/18/2024 18:00:00","MHK VL",61756,92.27,5.31,0.00
"01/18/2024 18:00:00","MILLWD",61759,96.36,9.39,0.00
"01/18/2024 18:00:00","N.Y.C.",61761,98.68,10.17,-1.54
"01/18/2024 18:00:00","NORTH",61755,86.18,-0.78,0.00
"01/18/2024 18:00:00","NPX",61845,92.96,6.00,0.00
"01/18/2024 18:00:00","O H",61846,78.70,-8.26,0.00
"01/18/2024 18:00:00","PJM",61847,88.61,1.65,0.00
"01/18/2024 18:00:00","WEST",61752,81.40,-5.57,0.00
"01/18/2024 18:05:00","CAPITL",61757,94.91,5.79,0.00
"01/18/2024 18:05:00","CENTRL",61754,88.76,-0.36,0.00
"01/18/2024 18:05:00","DUNWOD",61760,98.66,9.54,0.00
"01/18/2024 18:05:00","GENESE",61753,85.29,-3.83,0.00
"01/18/2024 18:05:00","H Q",61844,87.34,-1.78,0.00
"01/18/2024 18:05:00","HUD VL",61758,98.12,9.00,0.00
"01/18/2024 18:05:00","LONGIL",61762,100.44,11.32,0.00
"01/18/2024 18:05:00","MHK VL",61756,94.56,5.44,0.00
"01/18/2024 18:05:00","MILLWD",61759,98.56,9.44,0.00
"01/18/2024 18:05:00","N.Y.C.",61761,99.36,10.24,0.00
"01/18/2024 18:05:00","NORTH",61755,88.50,-0.62,0.00
"01/18/2024 18:05:00","NPX",61845,95.09,5.97,0.00
"01/18/2024 18:05:00","O H",61846,80.74,-8.38,0.00
"01/18/2024 18:05:00","PJM",61847,90.81,1.69,0.00
"01/18/2024 18:05:00","WEST",61752,83.51,-5.61,0.00
"01/18/2024 18:10:00","CAPITL",61757,94.02,5.74,0.00
"01/18/2024 18:10:00","CENTRL",61754,88.20,-0.09,0.00
"01/18/2024 18:10:00","DUNWOD",61760,97.64,9.35,0.00
"01/18/2024 18:10:00","GENESE",61753,84.75,-3.53,0.00
"01/18/2024 18:10:00","H Q",61844,86.43,-1.86,0.00
"01/18/2024 18:10:00","HUD VL",61758,97.11,8.83,0.00
"01/18/2024 18:10:00","LONGIL",61762,99.50,11.21,0.00
"01/18/2024 18:10:00","MHK VL",61756,93.94,5.66,0.00
"01/18/2024 18:10:00","MILLWD",61759,97.64,9.35,0.00
"01/18/2024 18:10:00","N.Y.C.",61761,98.30,10.06,0.04
"01/18/2024 18:10:00","NORTH",61755,87.49,-0.80,0.00
"01/18/2024 18:10:00","NPX",61845,94.20,5.92,0.00
"01/18/2024 18:10:00","O H",61846,80.43,-7.86,0.00
"01/18/2024 18:10:00","PJM",61847,90.03,1.86,0.11
"01/18/2024 18:10:00","WEST",61752,83.26,-5.03,0.00
"01/18/2024 18:15:00","CAPITL",61757,95.94,5.85,0.00
"01/18/2024 18:15:00","CENTRL",61754,89.91,-0.18,0.00
"01/18/2024 18:15:00","DUNWOD",61760,99.73,9.64,0.00
"01/18/2024 18:15:00","GENESE",61753,86.48,-3.61,0.00
"01/18/2024 18:15:00","H Q",61844,88.19,-1.90,0.00
"01/18/2024 18:15:00","HUD VL",61758,99.19,9.10,0.00
"01/18/2024 18:15:00","LONGIL",61762,101.89,11.80,0.00
"01/18/2024 18:15:00","MHK VL",61756,95.94,5.85,0.00
"01/18/2024 18:15:00","MILLWD",61759,99.73,9.64,0.00
"01/18/2024 18:15:00","N.Y.C.",61761,100.35,10.27,0.00
"01/18/2024 18:15:00","NORTH",61755,89.19,-0.90,0.00
"01/18/2024 18:15:00","NPX",61845,96.13,6.04,0.00
"01/18/2024 18:15:00","O H",61846,82.07,-8.02,0.00
"01/18/2024 18:15:00","PJM",61847,92.07,1.98,0.00
"01/18/2024 18:15:00","WEST",61752,85.05,-5.04,0.00
"01/18/2024 18:20:00","CAPITL",61757,97.95,5.90,0.00
"01/18/2024 18:20:00","CENTRL",61754,92.14,0.09,0.00
"01/18/2024 18:20:00","DUNWOD",61760,101.80,9.75,0.00
"01/18/2024 18:20:00","GENESE",61753,88.55,-3.50,0.00
"01/18/2024 18:20:00","H Q",61844,90.11,-1.94,0.00
"01/18/2024 18:20:00","HUD VL",61758,101.35,9.29,0.00
"01/18/2024 18:20:00","LONGIL",61762,103.93,11.88,0.00
"01/18/2024 18:20:00","MHK VL",61756,98.13,6.07,0.00
"01/18/2024 18:20:00","MILLWD",61759,101.80,9.75,0.00
"01/18/2024 18:20:00","N.Y.C.",61761,102.37,10.31,-0.01
"01/18/2024 18:20:00","NORTH",61755,91.13,-0.92,0.00
"01/18/2024 18:20:00","NPX",61845,98.13,6.07,0.00
"01/18/2024 18:20:00","O H",61846,84.13,-7.92,0.00
"01/18/2024 18:20:00","PJM",61847,94.35,2.30,0.00
"01/18/2024 18:20:00","WEST",61752,87.26,-4.79,0.00
"01/18/2024 18:25:00","CAPITL",61757,96.38,5.80,0.00
"01/18/2024 18:25:00","CENTRL",61754,90.76,0.18,0.00
"01/18/2024 18:25:00","DUNWOD",61760,100.09,9.51,0.00
"01/18/2024 18:25:00","GENESE",61753,87.14,-3.44,0.00
"01/18/2024 18:25:00","H Q",61844,88.67,-1.91,0.00
"01/18/2024 18:25:00","HUD VL",61758,99.64,9.06,0.00
"01/18/2024 18:25:00","LONGIL",61762,102.18,11.60,0.00
"01/18/2024 18:25:00","MHK VL",61756,96.56,5.98,0.00
"01/18/2024 18:25:00","MILLWD",61759,100.09,9.51,0.00
"01/18/2024 18:25:00","N.Y.C.",61761,103.16,10.14,-2.44
"01/18/2024 18:25:00","NORTH",61755,89.67,-0.91,0.00
"01/18/2024 18:25:00","NPX",61845,96.46,5.88,0.00
"01/18/2024 18:25:00","O H",61846,82.79,-7.79,0.00
"01/18/2024 18:25:00","PJM",61847,92.75,2.27,0.09
"01/18/2024 18:25:00","WEST",61752,85.87,-4.71,0.00
"01/18/2024 18:30:00","CAPITL",61757,96.38,5.88,0.00
"01/18/2024 18:30:00","CENTRL",61754,90.59,0.09,0.00
"01/18/2024 18:30:00","DUNWOD",61760,100.00,9.50,0.00
"01/18/2024 18:30:00","GENESE",61753,86.97,-3.53,0.00
"01/18/2024 18:30:00","H Q",61844,88.60,-1.90,0.00
"01/18/2024 18:30:00","HUD VL",61758,99.55,9.05,0.00
"01/18/2024 18:30:00","LONGIL",61762,102.09,11.59,0.00
"01/18/2024 18:30:00","MHK VL",61756,96.38,5.88,0.00
"01/18/2024 18:30:00","MILLWD",61759,100.00,9.50,0.00
"01/18/2024 18:30:00","N.Y.C.",61761,100.63,10.13,0.00
"01/18/2024 18:30:00","NORTH",61755,89.60,-0.90,0.00
"01/18/2024 18:30:00","NPX",61845,96.47,5.97,0.00
"01/18/2024 18:30:00","O H",61846,82.63,-7.87,0.00
"01/18/2024 18:30:00","PJM",61847,92.58,2.08,0.00
"01/18/2024 18:30:00","WEST",61752,85.70,-4.80,0.00
"01/18/2024 18:35:00","CAPITL",61757,120.03,7.32,0.00
"01/18/2024 18:35:00","CENTRL",61754,112.38,-0.34,0.00
"01/18/2024 18:35:00","DUNWOD",61760,124.65,11.94,0.00
"01/18/2024 18:35:00","GENESE",61753,108.09,-4.63,0.00
"01/18/2024 18:35:00","H Q",61844,110.34,-2.37,0.00
"01/18/2024 18:35:00","HUD VL",61758,124.09,11.38,0.00
"01/18/2024 18:35:00","LONGIL",61762,127.26,14.55,0.00
"01/18/2024 18:35:00","MHK VL",61756,120.03,7.32,0.00
"01/18/2024 18:35:00","MILLWD",61759,124.65,11.94,0.00
"01/18/2024 18:35:00","N.Y.C.",61761,125.44,12.73,0.00
"01/18/2024 18:35:00","NORTH",61755,111.59,-1.13,0.00
"01/18/2024 18:35:00","NPX",61845,120.27,7.55,0.00
"01/18/2024 18:35:00","O H",61846,102.46,-10.26,0.00
"01/18/2024 18:35:00","PJM",61847,115.08,2.37,0.00
"01/18/2024 18:35:00","WEST",61752,106.06,-6.65,0.00
"01/18/2024 18:40:00","CAPITL",61757,97.79,5.97,0.00
"01/18/2024 18:40:00","CENTRL",61754,91.64,-0.18,0.00
"01/18/2024 18:40:00","DUNWOD",61760,101.46,9.64,0.00
"01/18/2024 18:40:00","GENESE",61753,88.15,-3.68,0.00
"01/18/2024 18:40:00","H Q",61844,89.89,-1.93,0.00
"01/18/2024 18:40:00","HUD VL",61758,101.01,9.18,0.00
"01/18/2024 18:40:00","LONGIL",61762,103.76,11.93,0.00
"01/18/2024 18:40:00","MHK VL",61756,97.79,5.97,0.00
"01/18/2024 18:40:00","MILLWD",61759,101.46,9.64,0.00
"01/18/2024 18:40:00","N.Y.C.",61761,102.06,10.28,0.05
"01/18/2024 18:40:00","NORTH",61755,90.91,-0.92,0.00
"01/18/2024 18:40:00","NPX",61845,97.88,6.06,0.00
"01/18/2024 18:40:00","O H",61846,83.65,-8.17,0.00
"01/18/2024 18:40:00","PJM",61847,93.65,1.93,0.11
"01/18/2024 18:40:00","WEST",61752,86.60,-5.23,0.00
"01/18/2024 18:45:00","CAPITL",61757,94.44,5.76,0.00
"01/18/2024 18:45:00","CENTRL",61754,88.33,-0.35,0.00
"01/18/2024 18:45:00","DUNWOD",61760,98.08,9.40,0.00
"01/18/2024 18:45:00","GENESE",61753,84.87,-3.81,0.00
"01/18/2024 18:45:00","H Q",61844,86.91,-1.77,0.00
"01/18/2024 18:45:00","HUD VL",61758,97.64,8.95,0.00
"01/18/2024 18:45:00","LONGIL",61762,100.39,11.71,0.00
"01/18/2024 18:45:00","MHK VL",61756,94.36,5.68,0.00
"01/18/2024 18:45:00","MILLWD",61759,98.08,9.40,0.00
"01/18/2024 18:45:00","N.Y.C.",61761,98.79,10.11,0.00
"01/18/2024 18:45:00","NORTH",61755,87.80,-0.89,0.00
"01/18/2024 18:45:00","NPX",61845,94.63,5.94,0.00
"01/18/2024 18:45:00","O H",61846,80.44,-8.24,0.00
"01/18/2024 18:45:00","PJM",61847,90.36,1.68,0.00
"01/18/2024 18:45:00","WEST",61752,83.18,-5.50,0.00
"01/18/2024 18:50:00","CAPITL",61757,82.87,5.06,0.00
"01/18/2024 18:50:00","CENTRL",61754,77.27,-0.54,0.00
"01/18/2024 18:50:00","DUNWOD",61760,86.22,8.41,0.00
"01/18/2024 18:50:00","GENESE",61753,74.31,-3.50,0.00
"01/18/2024 18:50:00","H Q",61844,74.81,-1.56,1.45
"01/18/2024 18:50:00","HUD VL",61758,85.76,7.94,0.00
"01/18/2024 18:50:00","LONGIL",61762,101.56,10.43,-13.32
"01/18/2024 18:50:00","MHK VL",61756,82.72,4.91,0.00
"01/18/2024 18:50:00","MILLWD",61759,86.22,8.41,0.00
"01/18/2024 18:50:00","N.Y.C.",61761,89.95,9.02,-3.11
"01/18/2024 18:50:00","NORTH",61755,77.04,-0.78,0.00
"01/18/2024 18:50:00","NPX",61845,81.66,5.29,1.45
"01/18/2024 18:50:00","O H",61846,70.34,-7.47,0.00
"01/18/2024 18:50:00","PJM",61847,77.76,1.40,1.45
"01/18/2024 18:50:00","WEST",61752,72.68,-5.14,0.00
"01/18/2024 18:55:00","CAPITL",61757,89.00,5.43,0.00
"01/18/2024 18:55:00","CENTRL",61754,82.99,-0.58,0.00
"01/18/2024 18:55:00","DUNWOD",61760,92.68,9.11,0.00
"01/18/2024 18:55:00","GENESE",61753,79.72,-3.84,0.00
"01/18/2024 18:55:00","H Q",61844,80.36,-1.76,1.45
"01/18/2024 18:55:00","HUD VL",61758,92.10,8.53,0.00
"01/18/2024 18:55:00","LONGIL",61762,101.75,11.28,-6.91
"01/18/2024 18:55:00","MHK VL",61756,88.84,5.27,0.00
"01/18/2024 18:55:00","MILLWD",61759,92.60,9.03,0.00
"01/18/2024 18:55:00","N.Y.C.",61761,94.71,9.77,-1.36
"01/18/2024 18:55:00","NORTH",61755,82.73,-0.84,0.00
"01/18/2024 18:55:00","NPX",61845,87.88,5.76,1.45
"01/18/2024 18:55:00","O H",61846,75.46,-8.10,0.00
"01/18/2024 18:55:00","PJM",61847,83.62,1.51,1.45
"01/18/2024 18:55:00","WEST",61752,77.97,-5.60,0.00
"01/18/2024 19:00:00","CAPITL",61757,92.42,5.64,0.00
"01/18/2024 19:00:00","CENTRL",61754,86.35,-0.43,0.00
"01/18/2024 19:00:00","DUNWOD",61760,96.16,9.38,0.00
"01/18/2024 19:00:00","GENESE",61753,82.88,-3.90,0.00
"01/18/2024 19:00:00","H Q",61844,83.60,-1.73,1.45
"01/18/2024 19:00:00","HUD VL",61758,95.64,8.86,0.00
"01/18/2024 19:00:00","LONGIL",61762,98.42,11.63,0.00
"01/18/2024 19:00:00","MHK VL",61756,92.17,5.38,0.00
"01/18/2024 19:00:00","MILLWD",61759,96.07,9.29,0.00
"01/18/2024 19:00:00","N.Y.C.",61761,97.17,9.98,-0.41
"01/18/2024 19:00:00","NORTH",61755,86.00,-0.78,0.00
"01/18/2024 19:00:00","NPX",61845,91.32,5.98,1.45
"01/18/2024 19:00:00","O H",61846,78.45,-8.33,0.00
"01/18/2024 19:00:00","PJM",61847,86.98,1.64,1.45
"01/18/2024 19:00:00","WEST",61752,81.23,-5.56,0.00
"01/18/2024 19:05:00","CAPITL",61757,92.35,5.72,0.00
"01/18/2024 19:05:00","CENTRL",61754,86.37,-0.26,0.00
"01/18/2024 19:05:00","DUNWOD",61760,96.07,9.44,0.00
"01/18/2024 19:05:00","GENESE",61753,82.82,-3.81,0.00
"01/18/2024 19:05:00","H Q",61844,84.72,-1.91,0.00
"01/18/2024 19:05:00","HUD VL",61758,95.56,8.92,0.00
"01/18/2024 19:05:00","LONGIL",61762,101.21,11.78,-2.80
"01/18/2024 19:05:00","MHK VL",61756,92.09,5.46,0.00
"01/18/2024 19:05:00","MILLWD",61759,96.07,9.44,0.00
"01/18/2024 19:05:00","N.Y.C.",61761,96.76,10.13,0.00
"01/18/2024 19:05:00","NORTH",61755,85.60,-1.04,0.00
"01/18/2024 19:05:00","NPX",61845,92.78,6.15,0.00
"01/18/2024 19:05:00","O H",61846,78.48,-8.15,0.00
"01/18/2024 19:05:00","PJM",61847,88.53,1.90,0.00
"01/18/2024 19:05:00","WEST",61752,81.34,-5.29,0.00
"01/18/2024 19:10:00","CAPITL",61757,91.41,5.66,0.00
"01/18/2024 19:10:00","CENTRL",61754,85.58,-0.17,0.00
"01/18/2024 19:10:00","DUNWOD",61760,95.01,9.26,0.00
"01/18/2024 19:10:00","GENESE",61753,82.15,-3.60,0.00
"01/18/2024 19:10:00","H Q",61844,83.86,-1.89,0.00
"01/18/2024 19:10:00","HUD VL",61758,94.50,8.75,0.00
"01/18/2024 19:10:00","LONGIL",61762,101.04,11.49,-3.79
"01/18/2024 19:10:00","MHK VL",61756,91.15,5.41,0.00
"01/18/2024 19:10:00","MILLWD",61759,95.01,9.26,0.00
"01/18/2024 19:10:00","N.Y.C.",61761,104.61,9.94,-8.92
"01/18/2024 19:10:00","NORTH",61755,84.72,-1.03,0.00
"01/18/2024 19:10:00","NPX",61845,91.75,6.00,0.00
"01/18/2024 19:10:00","O H",61846,77.95,-7.80,0.00
"01/18/2024 19:10:00","PJM",61847,87.63,1.88,0.00
"01/18/2024 19:10:00","WEST",61752,80.69,-5.06,0.00
"01/18/2024 19:15:00","CAPITL",61757,91.49,5.66,0.00
"01/18/2024 19:15:00","CENTRL",61754,85.48,-0.34,0.00
"01/18/2024 19:15:00","DUNWOD",61760,95.01,9.19,0.00
"01/18/2024 19:15:00","GENESE",61753,82.22,-3.60,0.00
"01/18/2024 19:15:00","H Q",61844,84.02,-1.81,0.00
"01/18/2024 19:15:00","HUD VL",61758,94.49,8.66,0.00
"01/18/2024 19:15:00","LONGIL",61762,101.04,11.42,-3.79
"01/18/2024 19:15:00","MHK VL",61756,91.15,5.32,0.00
"01/18/2024 19:15:00","MILLWD",61759,95.01,9.19,0.00
"01/18/2024 19:15:00","N.Y.C.",61761,104.61,9.87,-8.92
"01/18/2024 19:15:00","NORTH",61755,84.97,-0.86,0.00
"01/18/2024 19:15:00","NPX",61845,91.83,6.01,0.00
"01/18/2024 19:15:00","O H",61846,78.02,-7.81,0.00
"01/18/2024 19:15:00","PJM",61847,87.54,1.72,0.00
"01/18/2024 19:15:00","WEST",61752,80.76,-5.06,0.00
"01/18/2024 19:20:00","CAPITL",61757,92.38,5.72,0.00
"01/18/2024 19:20:00","CENTRL",61754,86.41,-0.26,0.00
"01/18/2024 19:20:00","DUNWOD",61760,95.94,9.28,0.00
"01/18/2024 19:20:00","GENESE",61753,83.03,-3.64,0.00
"01/18/2024 19:20:00","H Q",61844,84.76,-1.91,0.00
"01/18/2024 19:20:00","HUD VL",61758,95.41,8.75,0.00
"01/18/2024 19:20:00","LONGIL",61762,101.05,11.53,-2.85
"01/18/2024 19:20:00","MHK VL",61756,92.04,5.38,0.00
"01/18/2024 19:20:00","MILLWD",61759,95.94,9.28,0.00
"01/18/2024 19:20:00","N.Y.C.",61761,102.41,9.96,-5.78
"01/18/2024 19:20:00","NORTH",61755,85.80,-0.87,0.00
"01/18/2024 19:20:00","NPX",61845,92.73,6.06,0.00
"01/18/2024 19:20:00","O H",61846,78.86,-7.80,0.00
"01/18/2024 19:20:00","PJM",61847,88.49,1.82,0.00
"01/18/2024 19:20:00","WEST",61752,81.55,-5.11,0.00
"01/18/2024 19:25:00","CAPITL",61757,92.53,5.73,0.00
"01/18/2024 19:25:00","CENTRL",61754,86.54,-0.26,0.00
"01/18/2024 19:25:00","DUNWOD",61760,96.00,9.20,0.00
"01/18/2024 19:25:00","GENESE",61753,83.24,-3.56,0.00
"01/18/2024 19:25:00","H Q",61844,84.98,-1.83,0.00
"01/18/2024 19:25:00","HUD VL",61758,95.48,8.68,0.00
"01/18/2024 19:25:00","LONGIL",61762,100.96,11.46,-2.70
"01/18/2024 19:25:00","MHK VL",61756,92.19,5.38,0.00
"01/18/2024 19:25:00","MILLWD",61759,96.00,9.20,0.00
"01/18/2024 19:25:00","N.Y.C.",61761,105.61,9.89,-8.92
"01/18/2024 19:25:00","NORTH",61755,85.93,-0.87,0.00
"01/18/2024 19:25:00","NPX",61845,92.88,6.07,0.00
"01/18/2024 19:25:00","O H",61846,79.08,-7.73,0.00
"01/18/2024 19:25:00","PJM",61847,88.63,1.83,0.00
"01/18/2024 19:25:00","WEST",61752,81.86,-4.94,0.00
"01/18/2024 19:30:00","CAPITL",61757,93.57,5.79,0.00
"01/18/2024 19:30:00","CENTRL",61754,87.52,-0.26,0.00
"01/18/2024 19:30:00","DUNWOD",61760,97.00,9.21,0.00
"01/18/2024 19:30:00","GENESE",61753,84.18,-3.60,0.00
"01/18/2024 19:30:00","H Q",61844,85.93,-1.85,0.00
"01/18/2024 19:30:00","HUD VL",61758,96.56,8.78,0.00
"01/18/2024 19:30:00","LONGIL",61762,99.28,11.50,0.00
"01/18/2024 19:30:00","MHK VL",61756,93.23,5.44,0.00
"01/18/2024 19:30:00","MILLWD",61759,97.00,9.21,0.00
"01/18/2024 19:30:00","N.Y.C.",61761,106.62,9.92,-8.92
"01/18/2024 19:30:00","NORTH",61755,86.90,-0.88,0.00
"01/18/2024 19:30:00","NPX",61845,93.83,6.05,0.00
"01/18/2024 19:30:00","O H",61846,79.97,-7.81,0.00
"01/18/2024 19:30:00","PJM",61847,89.54,1.75,0.00
"01/18/2024 19:30:00","WEST",61752,82.78,-5.00,0.00
"01/18/2024 19:35:00","CAPITL",61757,93.66,5.80,0.00
"01/18/2024 19:35:00","CENTRL",61754,87.60,-0.26,0.00
"01/18/2024 19:35:00","DUNWOD",61760,97.00,9.14,0.00
"01/18/2024 19:35:00","GENESE",61753,84.34,-3.52,0.00
"01/18/2024 19:35:00","H Q",61844,86.01,-1.85,0.00
"01/18/2024 19:35:00","HUD VL",61758,96.56,8.70,0.00
"01/18/2024 19:35:00","LONGIL",61762,99.20,11.34,0.00
"01/18/2024 19:35:00","MHK VL",61756,93.31,5.45,0.00
"01/18/2024 19:35:00","MILLWD",61759,97.00,9.14,0.00
"01/18/2024 19:35:00","N.Y.C.",61761,106.62,9.84,-8.92
"01/18/2024 19:35:00","NORTH",61755,87.07,-0.79,0.00
"01/18/2024 19:35:00","NPX",61845,93.92,6.06,0.00
"01/18/2024 19:35:00","O H",61846,80.21,-7.64,0.00
"01/18/2024 19:35:00","PJM",61847,89.61,1.76,0.01
"01/18/2024 19:35:00","WEST",61752,83.03,-4.83,0.00
"01/18/2024 19:40:00","CAPITL",61757,94.18,5.74,0.00
"01/18/2024 19:40:00","CENTRL",61754,88.17,-0.26,0.00
"01/18/2024 19:40:00","DUNWOD",61760,97.63,9.20,0.00
"01/18/2024 19:40:00","GENESE",61753,84.89,-3.54,0.00
"01/18/2024 19:40:00","H Q",61844,86.57,-1.86,0.00
"01/18/2024 19:40:00","HUD VL",61758,97.19,8.76,0.00
"01/18/2024 19:40:00","LONGIL",61762,99.75,11.32,0.00
"01/18/2024 19:40:00","MHK VL",61756,93.83,5.39,0.00
"01/18/2024 19:40:00","MILLWD",61759,97.63,9.20,0.00
"01/18/2024 19:40:00","N.Y.C.",61761,98.36,9.90,-0.03
"01/18/2024 19:40:00","NORTH",61755,87.63,-0.80,0.00
"01/18/2024 19:40:00","NPX",61845,94.53,6.10,0.00
"01/18/2024 19:40:00","O H",61846,80.65,-7.78,0.00
"01/18/2024 19:40:00","PJM",61847,90.11,1.68,0.00
"01/18/2024 19:40:00","WEST",61752,83.39,-5.04,0.00
"01/18/2024 19:45:00","CAPITL",61757,93.72,5.72,0.00
"01/18/2024 19:45:00","CENTRL",61754,87.65,-0.35,0.00
"01/18/2024 19:45:00","DUNWOD",61760,97.15,9.15,0.00
"01/18/2024 19:45:00","GENESE",61753,84.31,-3.69,0.00
"01/18/2024 19:45:00","H Q",61844,86.15,-1.85,0.00
"01/18/2024 19:45:00","HUD VL",61758,96.72,8.71,0.00
"01/18/2024 19:45:00","LONGIL",61762,99.53,11.53,0.00
"01/18/2024 19:45:00","MHK VL",61756,93.37,5.37,0.00
"01/18/2024 19:45:00","MILLWD",61759,97.15,9.15,0.00
"01/18/2024 19:45:00","N.Y.C.",61761,99.20,9.85,-1.34
"01/18/2024 19:45:00","NORTH",61755,87.29,-0.71,0.00
"01/18/2024 19:45:00","NPX",61845,94.07,6.07,0.00
"01/18/2024 19:45:00","O H",61846,80.08,-7.92,0.00
"01/18/2024 19:45:00","PJM",61847,89.54,1.59,0.05
"01/18/2024 19:45:00","WEST",61752,82.81,-5.19,0.00
"01/18/2024 19:50:00","CAPITL",61757,89.24,5.37,0.00
"01/18/2024 19:50:00","CENTRL",61754,83.62,-0.25,0.00
"01/18/2024 19:50:00","DUNWOD",61760,92.59,8.72,0.00
"01/18/2024 19:50:00","GENESE",61753,80.51,-3.36,0.00
"01/18/2024 19:50:00","H Q",61844,82.11,-1.77,0.00
"01/18/2024 19:50:00","HUD VL",61758,92.18,8.31,0.00
"01/18/2024 19:50:00","LONGIL",61762,94.86,10.98,0.00
"01/18/2024 19:50:00","MHK VL",61756,88.99,5.12,0.00
"01/18/2024 19:50:00","MILLWD",61759,92.59,8.72,0.00
"01/18/2024 19:50:00","N.Y.C.",61761,93.27,9.39,0.00
"01/18/2024 19:50:00","NORTH",61755,83.20,-0.67,0.00
"01/18/2024 19:50:00","NPX",61845,89.58,5.71,0.00
"01/18/2024 19:50:00","O H",61846,76.57,-7.30,0.00
"01/18/2024 19:50:00","PJM",61847,85.55,1.68,0.00
"01/18/2024 19:50:00","WEST",61752,79.26,-4.61,0.00
"01/18/2024 19:55:00","CAPITL",61757,76.91,4.63,0.00
"01/18/2024 19:55:00","CENTRL",61754,72.07,-0.22,0.00
"01/18/2024 19:55:00","DUNWOD",61760,79.87,7.59,0.00
"01/18/2024 19:55:00","GENESE",61753,69.32,-2.97,0.00
"01/18/2024 19:55:00","H Q",61844,70.76,-1.52,0.00
"01/18/2024 19:55:00","HUD VL",61758,79.44,7.16,0.00
"01/18/2024 19:55:00","LONGIL",61762,81.68,9.39,0.00
"01/18/2024 19:55:00","MHK VL",61756,76.69,4.41,0.00
"01/18/2024 19:55:00","MILLWD",61759,79.80,7.52,0.00
"01/18/2024 19:55:00","N.Y.C.",61761,80.45,8.17,0.00
"01/18/2024 19:55:00","NORTH",61755,71.63,-0.65,0.00
"01/18/2024 19:55:00","NPX",61845,77.20,4.92,0.00
"01/18/2024 19:55:00","O H",61846,65.92,-6.36,0.00
"01/18/2024 19:55:00","PJM",61847,73.80,1.52,0.00
"01/18/2024 19:55:00","WEST",61752,68.31,-3.98,0.00
"01/18/2024 20:00:00","CAPITL",61757,116.60,6.91,0.00
"01/18/2024 20:00:00","CENTRL",61754,109.14,-0.55,0.00
"01/18/2024 20:00:00","DUNWOD",61760,121.20,11.51,0.00
"01/18/2024 20:00:00","GENESE",61753,105.08,-4.60,0.00
"01/18/2024 20:00:00","H Q",61844,107.49,-2.19,0.00
"01/18/2024 20:00:00","HUD VL",61758,120.54,10.86,0.00
"01/18/2024 20:00:00","LONGIL",61762,123.94,14.25,0.00
"01/18/2024 20:00:00","MHK VL",61756,116.26,6.58,0.00
"01/18/2024 20:00:00","MILLWD",61759,121.09,11.41,0.00
"01/18/2024 20:00:00","N.Y.C.",61761,122.07,12.39,0.00
"01/18/2024 20:00:00","NORTH",61755,108.80,-0.88,0.00
"01/18/2024 20:00:00","NPX",61845,117.03,7.35,0.00
"01/18/2024 20:00:00","O H",61846,99.81,-9.87,0.00
"01/18/2024 20:00:00","PJM",61847,111.76,2.08,0.00
"01/18/2024 20:00:00","WEST",61752,103.11,-6.58,0.00
"01/18/2024 20:05:00","CAPITL",61757,89.31,5.30,0.00
"01/18/2024 20:05:00","CENTRL",61754,83.51,-0.50,0.00
"01/18/2024 20:05:00","DUNWOD",61760,93.01,8.99,0.00
"01/18/2024 20:05:00","GENESE",61753,80.23,-3.78,0.00
"01/18/2024 20:05:00","H Q",61844,82.33,-1.68,0.00
"01/18/2024 20:05:00","HUD VL",61758,92.41,8.40,0.00
"01/18/2024 20:05:00","LONGIL",61762,95.45,11.18,-0.26
"01/18/2024 20:05:00","MHK VL",61756,89.05,5.04,0.00
"01/18/2024 20:05:00","MILLWD",61759,92.91,8.90,0.00
"01/18/2024 20:05:00","N.Y.C.",61761,99.45,9.66,-5.78
"01/18/2024 20:05:00","NORTH",61755,83.34,-0.68,0.00
"01/18/2024 20:05:00","NPX",61845,89.73,5.72,0.00
"01/18/2024 20:05:00","O H",61846,76.11,-7.90,0.00
"01/18/2024 20:05:00","PJM",61847,85.98,1.51,-0.45
"01/18/2024 20:05:00","WEST",61752,78.63,-5.38,0.00
"01/18/2024 20:10:00","CAPITL",61757,93.77,5.65,0.00
"01/18/2024 20:10:00","CENTRL",61754,87.69,-0.44,0.00
"01/18/2024 20:10:00","DUNWOD",61760,97.47,9.34,0.00
"01/18/2024 20:10:00","GENESE",61753,84.25,-3.88,0.00
"01/18/2024 20:10:00","H Q",61844,86.27,-1.85,0.00
"01/18/2024 20:10:00","HUD VL",61758,96.94,8.81,0.00
"01/18/2024 20:10:00","LONGIL",61762,99.67,11.54,0.00
"01/18/2024 20:10:00","MHK VL",61756,93.42,5.29,0.00
"01/18/2024 20:10:00","MILLWD",61759,97.47,9.34,0.00
"01/18/2024 20:10:00","N.Y.C.",61761,98.34,10.13,-0.08
"01/18/2024 20:10:00","NORTH",61755,87.25,-0.88,0.00
"01/18/2024 20:10:00","NPX",61845,94.13,6.00,0.00
"01/18/2024 20:10:00","O H",61846,79.94,-8.19,0.00
"01/18/2024 20:10:00","PJM",61847,89.81,1.67,-0.01
"01/18/2024 20:10:00","WEST",61752,82.67,-5.46,0.00
"01/18/2024 20:15:00","CAPITL",61757,93.93,5.57,0.00
"01/18/2024 20:15:00","CENTRL",61754,87.92,-0.44,0.00
"01/18/2024 20:15:00","DUNWOD",61760,97.55,9.19,0.00
"01/18/2024 20:15:00","GENESE",61753,84.48,-3.89,0.00
"01/18/2024 20:15:00","H Q",61844,86.60,-1.77,0.00
"01/18/2024 20:15:00","HUD VL",61758,97.03,8.66,0.00
"01/18/2024 20:15:00","LONGIL",61762,99.68,11.31,0.00
"01/18/2024 20:15:00","MHK VL",61756,93.58,5.21,0.00
"01/18/2024 20:15:00","MILLWD",61759,97.47,9.10,0.00
"01/18/2024 20:15:00","N.Y.C.",61761,98.34,9.89,-0.08
"01/18/2024 20:15:00","NORTH",61755,87.65,-0.71,0.00
"01/18/2024 20:15:00","NPX",61845,94.29,5.92,0.00
"01/18/2024 20:15:00","O H",61846,80.24,-8.13,0.00
"01/18/2024 20:15:00","PJM",61847,89.87,1.50,-0.01
"01/18/2024 20:15:00","WEST",61752,82.89,-5.48,0.00
"01/18/2024 20:20:00","CAPITL",61757,94.00,5.57,0.00
"01/18/2024 20:20:00","CENTRL",61754,88.08,-0.35,0.00
"01/18/2024 20:20:00","DUNWOD",61760,97.54,9.11,0.00
"01/18/2024 20:20:00","GENESE",61753,84.45,-3.98,0.00
"01/18/2024 20:20:00","H Q",61844,86.66,-1.77,0.00
"01/18/2024 20:20:00","HUD VL",61758,97.10,8.67,0.00
"01/18/2024 20:20:00","LONGIL",61762,99.66,11.23,0.00
"01/18/2024 20:20:00","MHK VL",61756,93.65,5.22,0.00
"01/18/2024 20:20:00","MILLWD",61759,97.54,9.11,0.00
"01/18/2024 20:20:00","N.Y.C.",61761,98.35,9.90,-0.01
"01/18/2024 20:20:00","NORTH",61755,87.72,-0.71,0.00
"01/18/2024 20:20:00","NPX",61845,94.36,5.93,0.00
"01/18/2024 20:20:00","O H",61846,80.21,-8.22,0.00
"01/18/2024 20:20:00","PJM",61847,89.93,1.50,0.00
"01/18/2024 20:20:00","WEST",61752,82.95,-5.48,0.00
"01/18/2024 20:25:00","CAPITL",61757,90.85,5.39,0.00
"01/18/2024 20:25:00","CENTRL",61754,84.87,-0.59,0.00
"01/18/2024 20:25:00","DUNWOD",61760,94.36,8.89,0.00
"01/18/2024 20:25:00","GENESE",61753,81.54,-3.93,0.00
"01/18/2024 20:25:00","H Q",61844,83.76,-1.71,0.00
"01/18/2024 20:25:00","HUD VL",61758,93.85,8.38,0.00
"01/18/2024 20:25:00","LONGIL",61762,96.45,10.86,-0.13
"01/18/2024 20:25:00","MHK VL",61756,90.51,5.04,0.00
"01/18/2024 20:25:00","MILLWD",61759,94.27,8.80,0.00
"01/18/2024 20:25:00","N.Y.C.",61761,97.90,9.57,-2.87
"01/18/2024 20:25:00","NORTH",61755,84.78,-0.69,0.00
"01/18/2024 20:25:00","NPX",61845,91.28,5.81,0.00
"01/18/2024 20:25:00","O H",61846,77.34,-8.12,0.00
"01/18/2024 20:25:00","PJM",61847,87.05,1.36,-0.22
"01/18/2024 20:25:00","WEST",61752,79.91,-5.55,0.00
"01/18/2024 20:30:00","CAPITL",61757,91.31,5.41,0.00
"01/18/2024 20:30:00","CENTRL",61754,85.47,-0.43,0.00
"01/18/2024 20:30:00","DUNWOD",61760,94.74,8.85,0.00
"01/18/2024 20:30:00","GENESE",61753,81.94,-3.95,0.00
"01/18/2024 20:30:00","H Q",61844,84.18,-1.72,0.00
"01/18/2024 20:30:00","HUD VL",61758,94.22,8.33,0.00
"01/18/2024 20:30:00","LONGIL",61762,96.77,10.82,-0.06
"01/18/2024 20:30:00","MHK VL",61756,91.05,5.15,0.00
"01/18/2024 20:30:00","MILLWD",61759,94.66,8.77,0.00
"01/18/2024 20:30:00","N.Y.C.",61761,96.83,9.62,-1.32
"01/18/2024 20:30:00","NORTH",61755,85.20,-0.69,0.00
"01/18/2024 20:30:00","NPX",61845,91.65,5.76,0.00
"01/18/2024 20:30:00","O H",61846,77.82,-8.08,0.00
"01/18/2024 20:30:00","PJM",61847,87.36,1.37,-0.10
"01/18/2024 20:30:00","WEST",61752,80.48,-5.41,0.00
"01/18/2024 20:35:00","CAPITL",61757,87.72,5.20,0.00
"01/18/2024 20:35:00","CENTRL",61754,82.10,-0.41,0.00
"01/18/2024 20:35:00","DUNWOD",61760,91.10,8.58,0.00
"01/18/2024 20:35:00","GENESE",61753,78.72,-3.79,0.00
"01/18/2024 20:35:00","H Q",61844,80.86,-1.65,0.00
"01/18/2024 20:35:00","HUD VL",61758,90.52,8.00,0.00
"01/18/2024 20:35:00","LONGIL",61762,93.23,10.48,-0.24
"01/18/2024 20:35:00","MHK VL",61756,87.38,4.87,0.00
"01/18/2024 20:35:00","MILLWD",61759,91.01,8.50,0.00
"01/18/2024 20:35:00","N.Y.C.",61761,96.91,9.24,-5.16
"01/18/2024 20:35:00","NORTH",61755,81.85,-0.66,0.00
"01/18/2024 20:35:00","NPX",61845,88.04,5.53,0.00
"01/18/2024 20:35:00","O H",61846,74.67,-7.84,0.00
"01/18/2024 20:35:00","PJM",61847,84.32,1.40,-0.40
"01/18/2024 20:35:00","WEST",61752,77.32,-5.20,0.00
"01/18/2024 20:40:00","CAPITL",61757,86.64,5.14,0.00
"01/18/2024 20:40:00","CENTRL",61754,81.10,-0.41,0.00
"01/18/2024 20:40:00","DUNWOD",61760,89.90,8.40,0.00
"01/18/2024 20:40:00","GENESE",61753,77.75,-3.75,0.00
"01/18/2024 20:40:00","H Q",61844,79.87,-1.63,0.00
"01/18/2024 20:40:00","HUD VL",61758,89.40,7.90,0.00
"01/18/2024 20:40:00","LONGIL",61762,92.12,10.35,-0.27
"01/18/2024 20:40:00","MHK VL",61756,86.39,4.89,0.00
"01/18/2024 20:40:00","MILLWD",61759,89.90,8.40,0.00
"01/18/2024 20:40:00","N.Y.C.",61761,96.56,9.13,-5.94
"01/18/2024 20:40:00","NORTH",61755,80.85,-0.65,0.00
"01/18/2024 20:40:00","NPX",61845,86.96,5.46,0.00
"01/18/2024 20:40:00","O H",61846,73.76,-7.74,0.00
"01/18/2024 20:40:00","PJM",61847,83.35,1.38,-0.46
"01/18/2024 20:40:00","WEST",61752,76.37,-5.13,0.00
"01/18/2024 20:45:00","CAPITL",61757,86.53,5.05,0.00
"01/18/2024 20:45:00","CENTRL",61754,81.23,-0.24,0.00
"01/18/2024 20:45:00","DUNWOD",61760,89.87,8.39,0.00
"01/18/2024 20:45:00","GENESE",61753,77.73,-3.75,0.00
"01/18/2024 20:45:00","H Q",61844,79.85,-1.63,0.00
"01/18/2024 20:45:00","HUD VL",61758,89.38,7.90,0.00
"01/18/2024 20:45:00","LONGIL",61762,92.12,10.43,-0.21
"01/18/2024 20:45:00","MHK VL",61756,86.28,4.81,0.00
"01/18/2024 20:45:00","MILLWD",61759,89.87,8.39,0.00
"01/18/2024 20:45:00","N.Y.C.",61761,95.18,9.12,-4.58
"01/18/2024 20:45:00","NORTH",61755,80.82,-0.65,0.00
"01/18/2024 20:45:00","NPX",61845,86.85,5.38,0.00
"01/18/2024 20:45:00","O H",61846,73.90,-7.57,0.00
"01/18/2024 20:45:00","PJM",61847,83.30,1.47,-0.36
"01/18/2024 20:45:00","WEST",61752,76.50,-4.97,0.00
"01/18/2024 20:50:00","CAPITL",61757,82.95,4.92,0.00
"01/18/2024 20:50:00","CENTRL",61754,77.64,-0.39,0.00
"01/18/2024 20:50:00","DUNWOD",61760,86.15,8.11,0.00
"01/18/2024 20:50:00","GENESE",61753,74.37,-3.67,0.00
"01/18/2024 20:50:00","H Q",61844,76.47,-1.56,0.00
"01/18/2024 20:50:00","HUD VL",61758,85.68,7.65,0.00
"01/18/2024 20:50:00","LONGIL",61762,88.56,10.14,-0.39
"01/18/2024 20:50:00","MHK VL",61756,82.63,4.60,0.00
"01/18/2024 20:50:00","MILLWD",61759,86.15,8.11,0.00
"01/18/2024 20:50:00","N.Y.C.",61761,95.35,8.81,-8.50
"01/18/2024 20:50:00","NORTH",61755,77.33,-0.70,0.00
"01/18/2024 20:50:00","NPX",61845,82.64,5.23,0.62
"01/18/2024 20:50:00","O H",61846,304.99,-7.49,-234.45
"01/18/2024 20:50:00","PJM",61847,80.02,1.33,-0.66
"01/18/2024 20:50:00","WEST",61752,73.04,-5.00,0.00
"01/18/2024 20:55:00","CAPITL",61757,82.95,4.92,0.00
"01/18/2024 20:55:00","CENTRL",61754,77.64,-0.39,0.00
"01/18/2024 20:55:00","DUNWOD",61760,86.15,8.11,0.00
"01/18/2024 20:55:00","GENESE",61753,74.29,-3.74,0.00
"01/18/2024 20:55:00","H Q",61844,76.39,-1.64,0.00
"01/18/2024 20:55:00","HUD VL",61758,85.68,7.65,0.00
"01/18/2024 20:55:00","LONGIL",61762,88.41,9.99,-0.39
"01/18/2024 20:55:00","MHK VL",61756,82.71,4.68,0.00
"01/18/2024 20:55:00","MILLWD",61759,86.15,8.11,0.00
"01/18/2024 20:55:00","N.Y.C.",61761,95.35,8.81,-8.50
"01/18/2024 20:55:00","NORTH",61755,77.25,-0.78,0.00
"01/18/2024 20:55:00","NPX",61845,82.64,5.23,0.62
"01/18/2024 20:55:00","O H",61846,304.91,-7.57,-234.45
"01/18/2024 20:55:00","PJM",61847,80.02,1.33,-0.66
"01/18/2024 20:55:00","WEST",61752,72.88,-5.15,0.00
"01/18/2024 21:00:00","CAPITL",61757,93.60,5.63,0.00
"01/18/2024 21:00:00","CENTRL",61754,87.36,-0.61,0.00
"01/18/2024 21:00:00","DUNWOD",61760,96.85,8.88,0.00
"01/18/2024 21:00:00","GENESE",61753,83.57,-4.40,0.00
"01/18/2024 21:00:00","H Q",61844,86.21,-1.76,0.00
"01/18/2024 21:00:00","HUD VL",61758,96.33,8.36,0.00
"01/18/2024 21:00:00","LONGIL",61762,98.43,10.46,0.00
"01/18/2024 21:00:00","MHK VL",61756,93.07,5.10,0.00
"01/18/2024 21:00:00","MILLWD",61759,96.76,8.80,0.00
"01/18/2024 21:00:00","N.Y.C.",61761,97.64,9.68,0.00
"01/18/2024 21:00:00","NORTH",61755,87.36,-0.61,0.00
"01/18/2024 21:00:00","NPX",61845,93.33,5.98,0.62
"01/18/2024 21:00:00","O H",61846,313.62,-8.80,-234.45
"01/18/2024 21:00:00","PJM",61847,89.20,1.23,0.00
"01/18/2024 21:00:00","WEST",61752,81.90,-6.07,0.00
"01/18/2024 21:05:00","CAPITL",61757,89.56,5.39,0.00
"01/18/2024 21:05:00","CENTRL",61754,83.41,-0.76,0.00
"01/18/2024 21:05:00","DUNWOD",61760,92.50,8.33,0.00
"01/18/2024 21:05:00","GENESE",61753,79.78,-4.38,0.00
"01/18/2024 21:05:00","H Q",61844,82.56,-1.60,0.00
"01/18/2024 21:05:00","HUD VL",61758,92.07,7.91,0.00
"01/18/2024 21:05:00","LONGIL",61762,93.67,9.51,0.00
"01/18/2024 21:05:00","MHK VL",61756,89.04,4.88,0.00
"01/18/2024 21:05:00","MILLWD",61759,92.50,8.33,0.00
"01/18/2024 21:05:00","N.Y.C.",61761,93.27,9.09,-0.01
"01/18/2024 21:05:00","NORTH",61755,83.75,-0.42,0.00
"01/18/2024 21:05:00","NPX",61845,89.89,5.73,0.00
"01/18/2024 21:05:00","O H",61846,75.58,-8.59,0.00
"01/18/2024 21:05:00","PJM",61847,85.09,0.93,0.00
"01/18/2024 21:05:00","WEST",61752,78.10,-6.06,0.00
"01/18/2024 21:10:00","CAPITL",61757,89.56,5.39,0.00
"01/18/2024 21:10:00","CENTRL",61754,83.24,-0.92,0.00
"01/18/2024 21:10:00","DUNWOD",61760,92.50,8.33,0.00
"01/18/2024 21:10:00","GENESE",61753,79.62,-4.55,0.00
"01/18/2024 21:10:00","H Q",61844,82.65,-1.51,0.00
"01/18/2024 21:10:00","HUD VL",61758,92.07,7.91,0.00
"01/18/2024 21:10:00","LONGIL",61762,93.67,9.51,0.00
"01/18/2024 21:10:00","MHK VL",61756,89.04,4.88,0.00
"01/18/2024 21:10:00","MILLWD",61759,92.50,8.33,0.00
"01/18/2024 21:10:00","N.Y.C.",61761,93.27,9.09,-0.01
"01/18/2024 21:10:00","NORTH",61755,83.91,-0.25,0.00
"01/18/2024 21:10:00","NPX",61845,89.89,5.73,0.00
"01/18/2024 21:10:00","O H",61846,75.41,-8.76,0.00
"01/18/2024 21:10:00","PJM",61847,85.01,0.84,0.00
"01/18/2024 21:10:00","WEST",61752,77.85,-6.31,0.00
"01/18/2024 21:15:00","CAPITL",61757,89.53,5.31,0.00
"01/18/2024 21:15:00","CENTRL",61754,83.29,-0.92,0.00
"01/18/2024 21:15:00","DUNWOD",61760,92.48,8.26,0.00
"01/18/2024 21:15:00","GENESE",61753,79.67,-4.55,0.00
"01/18/2024 21:15:00","H Q",61844,82.79,-1.43,0.00
"01/18/2024 21:15:00","HUD VL",61758,92.05,7.83,0.00
"01/18/2024 21:15:00","LONGIL",61762,93.73,9.51,0.00
"01/18/2024 21:15:00","MHK VL",61756,89.10,4.88,0.00
"01/18/2024 21:15:00","MILLWD",61759,92.38,8.17,0.00
"01/18/2024 21:15:00","N.Y.C.",61761,93.27,9.02,-0.04
"01/18/2024 21:15:00","NORTH",61755,83.97,-0.25,0.00
"01/18/2024 21:15:00","NPX",61845,89.86,5.64,0.00
"01/18/2024 21:15:00","O H",61846,75.46,-8.76,0.00
"01/18/2024 21:15:00","PJM",61847,84.98,0.76,0.00
"01/18/2024 21:15:00","WEST",61752,77.90,-6.32,0.00
"01/18/2024 21:20:00","CAPITL",61757,83.26,4.94,0.00
"01/18/2024 21:20:00","CENTRL",61754,77.69,-0.63,0.00
"01/18/2024 21:20:00","DUNWOD",61760,86.08,7.76,0.00
"01/18/2024 21:20:00","GENESE",61753,72.24,-3.91,2.17
"01/18/2024 21:20:00","H Q",61844,76.92,-1.41,0.00
"01/18/2024 21:20:00","HUD VL",61758,85.68,7.36,0.00
"01/18/2024 21:20:00","LONGIL",61762,87.25,8.93,0.00
"01/18/2024 21:20:00","MHK VL",61756,82.86,4.54,0.00
"01/18/2024 21:20:00","MILLWD",61759,86.00,7.68,0.00
"01/18/2024 21:20:00","N.Y.C.",61761,86.80,8.46,-0.01
"01/18/2024 21:20:00","NORTH",61755,78.01,-0.31,0.00
"01/18/2024 21:20:00","NPX",61845,83.49,5.17,0.00
"01/18/2024 21:20:00","O H",61846,65.88,-7.67,4.77
"01/18/2024 21:20:00","PJM",61847,73.97,1.02,5.37
"01/18/2024 21:20:00","WEST",61752,68.12,-5.25,4.96
"01/18/2024 21:25:00","CAPITL",61757,83.26,4.86,0.00
"01/18/2024 21:25:00","CENTRL",61754,77.77,-0.63,0.00
"01/18/2024 21:25:00","DUNWOD",61760,86.00,7.60,0.00
"01/18/2024 21:25:00","GENESE",61753,74.40,-4.00,0.00
"01/18/2024 21:25:00","H Q",61844,77.06,-1.33,0.00
"01/18/2024 21:25:00","HUD VL",61758,85.61,7.21,0.00
"01/18/2024 21:25:00","LONGIL",61762,87.33,8.93,0.00
"01/18/2024 21:25:00","MHK VL",61756,82.94,4.55,0.00
"01/18/2024 21:25:00","MILLWD",61759,86.00,7.60,0.00
"01/18/2024 21:25:00","N.Y.C.",61761,86.71,8.31,-0.01
"01/18/2024 21:25:00","NORTH",61755,78.16,-0.23,0.00
"01/18/2024 21:25:00","NPX",61845,83.49,5.09,0.00
"01/18/2024 21:25:00","O H",61846,70.63,-7.76,0.00
"01/18/2024 21:25:00","PJM",61847,79.34,0.94,0.00
"01/18/2024 21:25:00","WEST",61752,72.99,-5.41,0.00
"01/18/2024 21:30:00","CAPITL",61757,77.05,4.50,0.00
"01/18/2024 21:30:00","CENTRL",61754,71.96,-0.58,0.00
"01/18/2024 21:30:00","DUNWOD",61760,79.58,7.04,0.00
"01/18/2024 21:30:00","GENESE",61753,68.85,-3.70,0.00
"01/18/2024 21:30:00","H Q",61844,71.31,-1.23,0.00
"01/18/2024 21:30:00","HUD VL",61758,79.22,6.67,0.00
"01/18/2024 21:30:00","LONGIL",61762,80.89,8.34,0.00
"01/18/2024 21:30:00","MHK VL",61756,76.75,4.21,0.00
"01/18/2024 21:30:00","MILLWD",61759,79.58,7.04,0.00
"01/18/2024 21:30:00","N.Y.C.",61761,80.24,7.69,-0.01
"01/18/2024 21:30:00","NORTH",61755,72.33,-0.22,0.00
"01/18/2024 21:30:00","NPX",61845,77.26,4.71,0.00
"01/18/2024 21:30:00","O H",61846,65.29,-7.25,0.00
"01/18/2024 21:30:00","PJM",61847,73.42,0.87,0.00
"01/18/2024 21:30:00","WEST",61752,67.47,-5.08,0.00
"01/18/2024 21:35:00","CAPITL",61757,76.97,4.43,0.00
"01/18/2024 21:35:00","CENTRL",61754,71.96,-0.58,0.00
"01/18/2024 21:35:00","DUNWOD",61760,79.66,7.11,0.00
"01/18/2024 21:35:00","GENESE",61753,68.85,-3.70,0.00
"01/18/2024 21:35:00","H Q",61844,71.24,-1.30,0.00
"01/18/2024 21:35:00","HUD VL",61758,79.29,6.75,0.00
"01/18/2024 21:35:00","LONGIL",61762,80.96,8.41,0.00
"01/18/2024 21:35:00","MHK VL",61756,76.75,4.21,0.00
"01/18/2024 21:35:00","MILLWD",61759,79.58,7.04,0.00
"01/18/2024 21:35:00","N.Y.C.",61761,80.32,7.77,0.00
"01/18/2024 21:35:00","NORTH",61755,72.26,-0.29,0.00
"01/18/2024 21:35:00","NPX",61845,77.33,4.79,0.00
"01/18/2024 21:35:00","O H",61846,65.29,-7.25,0.00
"01/18/2024 21:35:00","PJM",61847,73.49,0.94,0.00
"01/18/2024 21:35:00","WEST",61752,67.47,-5.08,0.00
"01/18/2024 21:40:00","CAPITL",61757,80.92,4.73,0.00
"01/18/2024 21:40:00","CENTRL",61754,75.51,-0.69,0.00
"01/18/2024 21:40:00","DUNWOD",61760,83.81,7.62,0.00
"01/18/2024 21:40:00","GENESE",61753,72.08,-4.12,0.00
"01/18/2024 21:40:00","H Q",61844,74.82,-1.37,0.00
"01/18/2024 21:40:00","HUD VL",61758,83.35,7.16,0.00
"01/18/2024 21:40:00","LONGIL",61762,85.18,8.99,0.00
"01/18/2024 21:40:00","MHK VL",61756,80.61,4.42,0.00
"01/18/2024 21:40:00","MILLWD",61759,83.74,7.54,0.00
"01/18/2024 21:40:00","N.Y.C.",61761,84.44,8.23,-0.02
"01/18/2024 21:40:00","NORTH",61755,75.89,-0.30,0.00
"01/18/2024 21:40:00","NPX",61845,81.30,5.11,0.00
"01/18/2024 21:40:00","O H",61846,68.27,-7.93,0.00
"01/18/2024 21:40:00","PJM",61847,77.03,0.84,0.00
"01/18/2024 21:40:00","WEST",61752,70.56,-5.64,0.00
"01/18/2024 21:45:00","CAPITL",61757,83.03,4.77,0.00
"01/18/2024 21:45:00","CENTRL",61754,77.63,-0.63,0.00
"01/18/2024 21:45:00","DUNWOD",61760,86.08,7.82,0.00
"01/18/2024 21:45:00","GENESE",61753,74.11,-4.15,0.00
"01/18/2024 21:45:00","H Q",61844,76.85,-1.41,0.00
"01/18/2024 21:45:00","HUD VL",61758,85.61,7.35,0.00
"01/18/2024 21:45:00","LONGIL",61762,87.57,9.31,0.00
"01/18/2024 21:45:00","MHK VL",61756,82.79,4.54,0.00
"01/18/2024 21:45:00","MILLWD",61759,86.01,7.75,0.00
"01/18/2024 21:45:00","N.Y.C.",61761,86.73,8.45,-0.02
"01/18/2024 21:45:00","NORTH",61755,78.02,-0.23,0.00
"01/18/2024 21:45:00","NPX",61845,83.42,5.16,0.00
"01/18/2024 21:45:00","O H",61846,70.20,-8.06,0.00
"01/18/2024 21:45:00","PJM",61847,79.27,1.01,0.00
"01/18/2024 21:45:00","WEST",61752,72.62,-5.64,0.00
"01/18/2024 21:50:00","CAPITL",61757,87.85,5.05,0.00
"01/18/2024 21:50:00","CENTRL",61754,82.22,-0.58,0.00
"01/18/2024 21:50:00","DUNWOD",61760,90.92,8.12,0.00
"01/18/2024 21:50:00","GENESE",61753,78.41,-4.39,0.00
"01/18/2024 21:50:00","H Q",61844,81.37,-1.49,-0.06
"01/18/2024 21:50:00","HUD VL",61758,90.41,7.61,0.00
"01/18/2024 21:50:00","LONGIL",61762,92.57,9.77,0.00
"01/18/2024 21:50:00","MHK VL",61756,87.60,4.80,0.00
"01/18/2024 21:50:00","MILLWD",61759,90.92,8.12,0.00
"01/18/2024 21:50:00","N.Y.C.",61761,91.68,8.86,-0.02
"01/18/2024 21:50:00","NORTH",61755,82.39,-0.41,0.00
"01/18/2024 21:50:00","NPX",61845,88.33,5.46,-0.06
"01/18/2024 21:50:00","O H",61846,336.00,-8.36,-261.55
"01/18/2024 21:50:00","PJM",61847,83.94,1.07,-0.06
"01/18/2024 21:50:00","WEST",61752,76.92,-5.88,0.00
"01/18/2024 21:55:00","CAPITL",61757,92.51,5.49,0.00
"01/18/2024 21:55:00","CENTRL",61754,85.99,-1.04,0.00
"01/18/2024 21:55:00","DUNWOD",61760,95.64,8.62,0.00
"01/18/2024 21:55:00","GENESE",61753,82.07,-4.96,0.00
"01/18/2024 21:55:00","H Q",61844,85.52,-1.56,-0.06
"01/18/2024 21:55:00","HUD VL",61758,95.12,8.09,0.00
"01/18/2024 21:55:00","LONGIL",61762,97.29,10.26,0.00
"01/18/2024 21:55:00","MHK VL",61756,91.90,4.87,0.00
"01/18/2024 21:55:00","MILLWD",61759,95.56,8.53,0.00
"01/18/2024 21:55:00","N.Y.C.",61761,96.51,9.40,-0.08
"01/18/2024 21:55:00","NORTH",61755,86.59,-0.43,0.00
"01/18/2024 21:55:00","NPX",61845,93.01,5.92,-0.06
"01/18/2024 21:55:00","O H",61846,339.18,-9.40,-261.55
"01/18/2024 21:55:00","PJM",61847,87.87,0.78,-0.07
"01/18/2024 21:55:00","WEST",61752,80.06,-6.97,0.00
"01/18/2024 22:00:00","CAPITL",61757,90.54,5.37,0.00
"01/18/2024 22:00:00","CENTRL",61754,83.98,-1.19,0.00
"01/18/2024 22:00:00","DUNWOD",61760,93.35,8.18,0.00
"01/18/2024 22:00:00","GENESE",61753,79.81,-5.36,0.00
"01/18/2024 22:00:00","H Q",61844,83.87,-1.37,-0.06
"01/18/2024 22:00:00","HUD VL",61758,92.84,7.67,0.00
"01/18/2024 22:00:00","LONGIL",61762,94.88,9.71,0.00
"01/18/2024 22:00:00","MHK VL",61756,89.94,4.77,0.00
"01/18/2024 22:00:00","MILLWD",61759,93.27,8.10,0.00
"01/18/2024 22:00:00","N.Y.C.",61761,94.13,8.94,-0.01
"01/18/2024 22:00:00","NORTH",61755,85.26,0.09,0.00
"01/18/2024 22:00:00","NPX",61845,90.94,5.71,-0.06
"01/18/2024 22:00:00","O H",61846,336.76,-9.97,-261.55
"01/18/2024 22:00:00","PJM",61847,85.58,0.34,-0.06
"01/18/2024 22:00:00","WEST",61752,77.68,-7.50,0.00
"01/18/2024 22:05:00","CAPITL",61757,83.42,4.95,0.00
"01/18/2024 22:05:00","CENTRL",61754,53.89,-1.49,23.09
"01/18/2024 22:05:00","DUNWOD",61760,86.08,7.61,0.00
"01/18/2024 22:05:00","GENESE",61753,18.05,-5.18,55.24
"01/18/2024 22:05:00","H Q",61844,77.30,-1.17,0.00
"01/18/2024 22:05:00","HUD VL",61758,85.61,7.14,0.00
"01/18/2024 22:05:00","LONGIL",61762,87.56,8.79,-0.30
"01/18/2024 22:05:00","MHK VL",61756,104.77,4.31,-21.99
"01/18/2024 22:05:00","MILLWD",61759,86.01,7.53,0.00
"01/18/2024 22:05:00","N.Y.C.",61761,93.22,8.08,-6.67
"01/18/2024 22:05:00","NORTH",61755,78.87,0.39,0.00
"01/18/2024 22:05:00","NPX",61845,83.88,5.41,0.00
"01/18/2024 22:05:00","O H",61846,-9.43,-9.50,78.40
"01/18/2024 22:05:00","PJM",61847,30.62,0.16,48.01
"01/18/2024 22:05:00","WEST",61752,-17.66,-7.14,88.99
"01/18/2024 22:10:00","CAPITL",61757,82.86,4.99,0.00
"01/18/2024 22:10:00","CENTRL",61754,70.70,-1.40,5.77
"01/18/2024 22:10:00","DUNWOD",61760,85.35,7.48,0.00
"01/18/2024 22:10:00","GENESE",61753,59.60,-4.90,13.36
"01/18/2024 22:10:00","H Q",61844,76.70,-1.17,0.00
"01/18/2024 22:10:00","HUD VL",61758,84.96,7.09,0.00
"01/18/2024 22:10:00","LONGIL",61762,87.00,8.80,-0.33
"01/18/2024 22:10:00","MHK VL",61756,87.71,4.28,-5.56
"01/18/2024 22:10:00","MILLWD",61759,85.27,7.40,0.00
"01/18/2024 22:10:00","N.Y.C.",61761,93.41,8.17,-7.37
"01/18/2024 22:10:00","NORTH",61755,78.18,0.31,0.00
"01/18/2024 22:10:00","NPX",61845,83.17,5.30,0.00
"01/18/2024 22:10:00","O H",61846,50.17,-9.03,18.67
"01/18/2024 22:10:00","PJM",61847,67.99,0.31,10.19
"01/18/2024 22:10:00","WEST",61752,50.02,-6.70,21.15
"01/18/2024 22:15:00","CAPITL",61757,60.20,3.57,0.00
"01/18/2024 22:15:00","CENTRL",61754,55.72,-0.91,0.00
"01/18/2024 22:15:00","DUNWOD",61760,61.95,5.32,0.00
"01/18/2024 22:15:00","GENESE",61753,53.23,-3.40,0.00
"01/18/2024 22:15:00","H Q",61844,55.78,-0.85,0.00
"01/18/2024 22:15:00","HUD VL",61758,61.66,5.04,0.00
"01/18/2024 22:15:00","LONGIL",61762,63.35,6.34,-0.39
"01/18/2024 22:15:00","MHK VL",61756,59.74,3.11,0.00
"01/18/2024 22:15:00","MILLWD",61759,61.89,5.27,0.00
"01/18/2024 22:15:00","N.Y.C.",61761,70.93,5.83,-8.47
"01/18/2024 22:15:00","NORTH",61755,56.74,0.11,0.00
"01/18/2024 22:15:00","NPX",61845,60.42,3.79,0.00
"01/18/2024 22:15:00","O H",61846,49.34,-6.40,0.88
"01/18/2024 22:15:00","PJM",61847,57.46,0.17,-0.66
"01/18/2024 22:15:00","WEST",61752,51.81,-4.81,0.00
"01/18/2024 22:20:00","CAPITL",61757,60.61,3.54,0.00
"01/18/2024 22:20:00","CENTRL",61754,56.39,-0.68,0.00
"01/18/2024 22:20:00","DUNWOD",61760,62.44,5.36,0.00
"01/18/2024 22:20:00","GENESE",61753,53.54,-3.08,0.45
"01/18/2024 22:20:00","H Q",61844,56.16,-0.92,0.00
"01/18/2024 22:20:00","HUD VL",61758,62.15,5.08,0.00
"01/18/2024 22:20:00","LONGIL",61762,63.53,6.39,-0.06
"01/18/2024 22:20:00","MHK VL",61756,60.27,3.19,0.00
"01/18/2024 22:20:00","MILLWD",61759,62.38,5.31,0.00
"01/18/2024 22:20:00","N.Y.C.",61761,64.31,5.82,-1.41
"01/18/2024 22:20:00","NORTH",61755,57.19,0.11,0.00
"01/18/2024 22:20:00","NPX",61845,60.84,3.77,0.00
"01/18/2024 22:20:00","O H",61846,50.14,-5.94,0.99
"01/18/2024 22:20:00","PJM",61847,56.47,0.40,1.01
"01/18/2024 22:20:00","WEST",61752,51.87,-4.16,1.04
"01/18/2024 22:25:00","CAPITL",61757,60.53,3.54,0.00
"01/18/2024 22:25:00","CENTRL",61754,56.54,-0.46,0.00
"01/18/2024 22:25:00","DUNWOD",61760,62.35,5.36,0.00
"01/18/2024 22:25:00","GENESE",61753,53.56,-3.02,0.41
"01/18/2024 22:25:00","H Q",61844,56.03,-0.97,0.00
"01/18/2024 22:25:00","HUD VL",61758,62.01,5.02,0.00
"01/18/2024 22:25:00","LONGIL",61762,63.45,6.38,-0.07
"01/18/2024 22:25:00","MHK VL",61756,60.24,3.25,0.00
"01/18/2024 22:25:00","MILLWD",61759,62.30,5.30,0.00
"01/18/2024 22:25:00","N.Y.C.",61761,64.25,5.75,-1.50
"01/18/2024 22:25:00","NORTH",61755,57.05,0.06,0.00
"01/18/2024 22:25:00","NPX",61845,60.70,3.70,0.00
"01/18/2024 22:25:00","O H",61846,50.21,-5.87,0.92
"01/18/2024 22:25:00","PJM",61847,56.59,0.51,0.92
"01/18/2024 22:25:00","WEST",61752,51.99,-4.05,0.96
"01/18/2024 22:30:00","CAPITL",61757,60.56,3.54,0.00
"01/18/2024 22:30:00","CENTRL",61754,56.39,-0.63,0.00
"01/18/2024 22:30:00","DUNWOD",61760,62.32,5.30,0.00
"01/18/2024 22:30:00","GENESE",61753,53.71,-3.31,0.00
"01/18/2024 22:30:00","H Q",61844,56.10,-0.91,0.00
"01/18/2024 22:30:00","HUD VL",61758,62.04,5.02,0.00
"01/18/2024 22:30:00","LONGIL",61762,63.36,6.27,-0.07
"01/18/2024 22:30:00","MHK VL",61756,60.21,3.19,0.00
"01/18/2024 22:30:00","MILLWD",61759,62.26,5.24,0.00
"01/18/2024 22:30:00","N.Y.C.",61761,64.39,5.82,-1.55
"01/18/2024 22:30:00","NORTH",61755,57.13,0.11,0.00
"01/18/2024 22:30:00","NPX",61845,60.78,3.76,0.00
"01/18/2024 22:30:00","O H",61846,50.63,-6.38,0.00
"01/18/2024 22:30:00","PJM",61847,57.42,0.29,-0.12
"01/18/2024 22:30:00","WEST",61752,52.34,-4.67,0.00
"01/18/2024 22:35:00","CAPITL",61757,62.07,3.62,0.00
"01/18/2024 22:35:00","CENTRL",61754,57.86,-0.58,0.00
"01/18/2024 22:35:00","DUNWOD",61760,63.82,5.37,0.00
"01/18/2024 22:35:00","GENESE",61753,55.05,-3.39,0.00
"01/18/2024 22:35:00","H Q",61844,57.51,-0.94,0.00
"01/18/2024 22:35:00","HUD VL",61758,63.53,5.08,0.00
"01/18/2024 22:35:00","LONGIL",61762,64.76,6.31,0.00
"01/18/2024 22:35:00","MHK VL",61756,61.77,3.33,0.00
"01/18/2024 22:35:00","MILLWD",61759,63.76,5.32,0.00
"01/18/2024 22:35:00","N.Y.C.",61761,64.36,5.90,-0.01
"01/18/2024 22:35:00","NORTH",61755,58.56,0.12,0.00
"01/18/2024 22:35:00","NPX",61845,62.30,3.86,0.00
"01/18/2024 22:35:00","O H",61846,51.95,-6.49,0.00
"01/18/2024 22:35:00","PJM",61847,58.74,0.29,0.00
"01/18/2024 22:35:00","WEST",61752,53.76,-4.68,0.00
"01/18/2024 22:40:00","CAPITL",61757,60.78,3.55,0.00
"01/18/2024 22:40:00","CENTRL",61754,56.72,-0.52,0.00
"01/18/2024 22:40:00","DUNWOD",61760,62.44,5.21,0.00
"01/18/2024 22:40:00","GENESE",61753,54.03,-3.20,0.00
"01/18/2024 22:40:00","H Q",61844,56.32,-0.92,0.00
"01/18/2024 22:40:00","HUD VL",61758,62.16,4.92,0.00
"01/18/2024 22:40:00","LONGIL",61762,63.36,6.13,0.00
"01/18/2024 22:40:00","MHK VL",61756,60.49,3.26,0.00
"01/18/2024 22:40:00","MILLWD",61759,62.44,5.21,0.00
"01/18/2024 22:40:00","N.Y.C.",61761,62.97,5.72,-0.01
"01/18/2024 22:40:00","NORTH",61755,57.35,0.11,0.00
"01/18/2024 22:40:00","NPX",61845,61.01,3.78,0.00
"01/18/2024 22:40:00","O H",61846,51.05,-6.18,0.00
"01/18/2024 22:40:00","PJM",61847,57.58,0.35,0.00
"01/18/2024 22:40:00","WEST",61752,52.83,-4.41,0.00
"01/18/2024 22:45:00","CAPITL",61757,61.82,3.61,0.00
"01/18/2024 22:45:00","CENTRL",61754,57.63,-0.58,0.00
"01/18/2024 22:45:00","DUNWOD",61760,63.51,5.30,0.00
"01/18/2024 22:45:00","GENESE",61753,54.84,-3.38,0.00
"01/18/2024 22:45:00","H Q",61844,57.28,-0.93,0.00
"01/18/2024 22:45:00","HUD VL",61758,63.22,5.01,0.00
"01/18/2024 22:45:00","LONGIL",61762,64.38,6.17,0.00
"01/18/2024 22:45:00","MHK VL",61756,61.47,3.26,0.00
"01/18/2024 22:45:00","MILLWD",61759,63.46,5.24,0.00
"01/18/2024 22:45:00","N.Y.C.",61761,64.05,5.82,-0.01
"01/18/2024 22:45:00","NORTH",61755,58.33,0.12,0.00
"01/18/2024 22:45:00","NPX",61845,62.06,3.84,0.00
"01/18/2024 22:45:00","O H",61846,51.75,-6.46,0.00
"01/18/2024 22:45:00","PJM",61847,58.45,0.23,0.00
"01/18/2024 22:45:00","WEST",61752,53.55,-4.66,0.00
"01/18/2024 22:50:00","CAPITL",61757,62.73,3.72,0.00
"01/18/2024 22:50:00","CENTRL",61754,58.48,-0.53,0.00
"01/18/2024 22:50:00","DUNWOD",61760,64.38,5.37,0.00
"01/18/2024 22:50:00","GENESE",61753,55.70,-3.30,0.00
"01/18/2024 22:50:00","H Q",61844,58.00,-1.00,0.00
"01/18/2024 22:50:00","HUD VL",61758,64.08,5.08,0.00
"01/18/2024 22:50:00","LONGIL",61762,65.20,6.19,0.00
"01/18/2024 22:50:00","MHK VL",61756,62.31,3.30,0.00
"01/18/2024 22:50:00","MILLWD",61759,64.32,5.31,0.00
"01/18/2024 22:50:00","N.Y.C.",61761,64.91,5.90,0.00
"01/18/2024 22:50:00","NORTH",61755,58.95,-0.06,0.00
"01/18/2024 22:50:00","NPX",61845,62.96,3.95,0.00
"01/18/2024 22:50:00","O H",61846,52.70,-6.31,0.00
"01/18/2024 22:50:00","PJM",61847,59.36,0.36,0.00
"01/18/2024 22:50:00","WEST",61752,54.47,-4.54,0.00
"01/18/2024 22:55:00","CAPITL",61757,60.89,3.61,0.00
"01/18/2024 22:55:00","CENTRL",61754,56.77,-0.52,0.00
"01/18/2024 22:55:00","DUNWOD",61760,62.50,5.21,0.00
"01/18/2024 22:55:00","GENESE",61753,54.08,-3.21,0.00
"01/18/2024 22:55:00","H Q",61844,56.31,-0.97,0.00
"01/18/2024 22:55:00","HUD VL",61758,62.21,4.93,0.00
"01/18/2024 22:55:00","LONGIL",61762,63.35,6.07,0.00
"01/18/2024 22:55:00","MHK VL",61756,60.49,3.21,0.00
"01/18/2024 22:55:00","MILLWD",61759,62.50,5.21,0.00
"01/18/2024 22:55:00","N.Y.C.",61761,63.02,5.73,-0.01
"01/18/2024 22:55:00","NORTH",61755,57.23,-0.06,0.00
"01/18/2024 22:55:00","NPX",61845,61.18,3.90,0.00
"01/18/2024 22:55:00","O H",61846,51.10,-6.19,0.00
"01/18/2024 22:55:00","PJM",61847,57.63,0.35,0.00
"01/18/2024 22:55:00","WEST",61752,52.87,-4.41,0.00
"01/18/2024 23:00:00","CAPITL",61757,77.73,4.61,0.00
"01/18/2024 23:00:00","CENTRL",61754,72.32,-0.80,0.00
"01/18/2024 23:00:00","DUNWOD",61760,79.92,6.80,0.00
"01/18/2024 23:00:00","GENESE",61753,69.10,-4.02,0.00
"01/18/2024 23:00:00","H Q",61844,71.88,-1.24,0.00
"01/18/2024 23:00:00","HUD VL",61758,79.48,6.36,0.00
"01/18/2024 23:00:00","LONGIL",61762,81.31,8.19,0.00
"01/18/2024 23:00:00","MHK VL",61756,77.21,4.09,0.00
"01/18/2024 23:00:00","MILLWD",61759,79.84,6.72,0.00
"01/18/2024 23:00:00","N.Y.C.",61761,80.59,7.46,-0.01
"01/18/2024 23:00:00","NORTH",61755,73.05,-0.07,0.00
"01/18/2024 23:00:00","NPX",61845,78.10,4.97,0.00
"01/18/2024 23:00:00","O H",61846,65.44,-7.68,0.00
"01/18/2024 23:00:00","PJM",61847,73.56,0.44,0.00
"01/18/2024 23:00:00","WEST",61752,67.56,-5.56,0.00
"01/18/2024 23:05:00","CAPITL",61757,53.61,3.18,0.00
"01/18/2024 23:05:00","CENTRL",61754,49.88,-0.55,0.00
"01/18/2024 23:05:00","DUNWOD",61760,55.22,4.79,0.00
"01/18/2024 23:05:00","GENESE",61753,47.80,-2.62,0.00
"01/18/2024 23:05:00","H Q",61844,49.57,-0.86,0.00
"01/18/2024 23:05:00","HUD VL",61758,54.92,4.49,0.00
"01/18/2024 23:05:00","LONGIL",61762,56.33,5.90,0.00
"01/18/2024 23:05:00","MHK VL",61756,53.25,2.82,0.00
"01/18/2024 23:05:00","MILLWD",61759,55.17,4.74,0.00
"01/18/2024 23:05:00","N.Y.C.",61761,55.63,5.20,-0.01
"01/18/2024 23:05:00","NORTH",61755,50.33,-0.10,0.00
"01/18/2024 23:05:00","NPX",61845,53.86,3.43,0.00
"01/18/2024 23:05:00","O H",61846,45.39,-5.04,0.00
"01/18/2024 23:05:00","PJM",61847,29.54,0.40,21.30
"01/18/2024 23:05:00","WEST",61752,46.80,-3.63,0.00
"01/18/2024 23:10:00","CAPITL",61757,76.77,4.55,0.00
"01/18/2024 23:10:00","CENTRL",61754,71.50,-0.72,0.00
"01/18/2024 23:10:00","DUNWOD",61760,78.94,6.72,0.00
"01/18/2024 23:10:00","GENESE",61753,68.61,-3.61,0.00
"01/18/2024 23:10:00","H Q",61844,70.92,-1.30,0.00
"01/18/2024 23:10:00","HUD VL",61758,78.58,6.36,0.00
"01/18/2024 23:10:00","LONGIL",61762,80.52,8.30,0.00
"01/18/2024 23:10:00","MHK VL",61756,76.19,3.97,0.00
"01/18/2024 23:10:00","MILLWD",61759,78.86,6.64,0.00
"01/18/2024 23:10:00","N.Y.C.",61761,79.59,7.37,0.00
"01/18/2024 23:10:00","NORTH",61755,72.01,-0.22,0.00
"01/18/2024 23:10:00","NPX",61845,77.06,4.84,0.00
"01/18/2024 23:10:00","O H",61846,65.29,-6.93,0.00
"01/18/2024 23:10:00","PJM",61847,51.65,0.72,21.30
"01/18/2024 23:10:00","WEST",61752,67.38,-4.84,0.00
"01/18/2024 23:15:00","CAPITL",61757,76.95,4.56,0.00
"01/18/2024 23:15:00","CENTRL",61754,71.66,-0.72,0.00
"01/18/2024 23:15:00","DUNWOD",61760,79.04,6.66,0.00
"01/18/2024 23:15:00","GENESE",61753,68.62,-3.77,0.00
"01/18/2024 23:15:00","H Q",61844,71.15,-1.23,0.00
"01/18/2024 23:15:00","HUD VL",61758,78.68,6.29,0.00
"01/18/2024 23:15:00","LONGIL",61762,80.56,8.18,0.00
"01/18/2024 23:15:00","MHK VL",61756,76.29,3.91,0.00
"01/18/2024 23:15:00","MILLWD",61759,79.04,6.66,0.00
"01/18/2024 23:15:00","N.Y.C.",61761,79.69,7.31,0.00
"01/18/2024 23:15:00","NORTH",61755,72.24,-0.14,0.00
"01/18/2024 23:15:00","NPX",61845,77.24,4.85,0.00
"01/18/2024 23:15:00","O H",61846,65.22,-7.17,0.00
"01/18/2024 23:15:00","PJM",61847,51.67,0.58,21.30
"01/18/2024 23:15:00","WEST",61752,67.39,-4.99,0.00
"01/18/2024 23:20:00","CAPITL",61757,63.85,3.73,0.00
"01/18/2024 23:20:00","CENTRL",61754,59.70,-0.42,0.00
"01/18/2024 23:20:00","DUNWOD",61760,65.65,5.53,0.00
"01/18/2024 23:20:00","GENESE",61753,57.06,-3.06,0.00
"01/18/2024 23:20:00","H Q",61844,59.04,-1.08,0.00
"01/18/2024 23:20:00","HUD VL",61758,65.29,5.17,0.00
"01/18/2024 23:20:00","LONGIL",61762,66.79,6.67,0.00
"01/18/2024 23:20:00","MHK VL",61756,63.37,3.24,0.00
"01/18/2024 23:20:00","MILLWD",61759,65.59,5.47,0.00
"01/18/2024 23:20:00","N.Y.C.",61761,66.19,6.07,0.00
"01/18/2024 23:20:00","NORTH",61755,60.00,-0.12,0.00
"01/18/2024 23:20:00","NPX",61845,64.09,3.97,0.00
"01/18/2024 23:20:00","O H",61846,54.23,-5.89,0.00
"01/18/2024 23:20:00","PJM",61847,42.42,0.54,18.24
"01/18/2024 23:20:00","WEST",61752,56.09,-4.03,0.00
"01/18/2024 23:25:00","CAPITL",61757,56.29,3.34,0.00
"01/18/2024 23:25:00","CENTRL",61754,52.59,-0.37,0.00
"01/18/2024 23:25:00","DUNWOD",61760,57.77,4.82,0.00
"01/18/2024 23:25:00","GENESE",61753,50.41,-2.54,0.00
"01/18/2024 23:25:00","H Q",61844,52.00,-0.95,0.00
"01/18/2024 23:25:00","HUD VL",61758,57.51,4.55,0.00
"01/18/2024 23:25:00","LONGIL",61762,58.78,5.83,0.00
"01/18/2024 23:25:00","MHK VL",61756,55.81,2.86,0.00
"01/18/2024 23:25:00","MILLWD",61759,57.77,4.82,0.00
"01/18/2024 23:25:00","N.Y.C.",61761,58.25,5.29,0.00
"01/18/2024 23:25:00","NORTH",61755,52.85,-0.11,0.00
"01/18/2024 23:25:00","NPX",61845,56.45,3.49,0.00
"01/18/2024 23:25:00","O H",61846,48.03,-4.92,0.00
"01/18/2024 23:25:00","PJM",61847,35.24,0.53,18.24
"01/18/2024 23:25:00","WEST",61752,49.62,-3.33,0.00
"01/18/2024 23:30:00","CAPITL",61757,56.39,3.34,0.00
"01/18/2024 23:30:00","CENTRL",61754,52.68,-0.37,0.00
"01/18/2024 23:30:00","DUNWOD",61760,57.82,4.78,0.00
"01/18/2024 23:30:00","GENESE",61753,50.40,-2.65,0.00
"01/18/2024 23:30:00","H Q",61844,52.09,-0.95,0.00
"01/18/2024 23:30:00","HUD VL",61758,57.55,4.51,0.00
"01/18/2024 23:30:00","LONGIL",61762,58.83,5.78,0.00
"01/18/2024 23:30:00","MHK VL",61756,55.91,2.86,0.00
"01/18/2024 23:30:00","MILLWD",61759,57.82,4.78,0.00
"01/18/2024 23:30:00","N.Y.C.",61761,58.30,5.25,0.00
"01/18/2024 23:30:00","NORTH",61755,52.94,-0.11,0.00
"01/18/2024 23:30:00","NPX",61845,56.60,3.55,0.00
"01/18/2024 23:30:00","O H",61846,47.95,-5.09,0.00
"01/18/2024 23:30:00","PJM",61847,35.28,0.48,18.24
"01/18/2024 23:30:00","WEST",61752,49.60,-3.45,0.00
"01/18/2024 23:35:00","CAPITL",61757,59.44,3.58,0.00
"01/18/2024 23:35:00","CENTRL",61754,55.31,-0.56,0.00
"01/18/2024 23:35:00","DUNWOD",61760,60.95,5.08,0.00
"01/18/2024 23:35:00","GENESE",61753,52.85,-3.02,0.00
"01/18/2024 23:35:00","H Q",61844,54.92,-0.95,0.00
"01/18/2024 23:35:00","HUD VL",61758,60.67,4.81,0.00
"01/18/2024 23:35:00","LONGIL",61762,61.96,6.09,0.00
"01/18/2024 23:35:00","MHK VL",61756,58.88,3.01,0.00
"01/18/2024 23:35:00","MILLWD",61759,60.90,5.03,0.00
"01/18/2024 23:35:00","N.Y.C.",61761,61.40,5.53,0.00
"01/18/2024 23:35:00","NORTH",61755,55.75,-0.11,0.00
"01/18/2024 23:35:00","NPX",61845,59.67,3.80,0.00
"01/18/2024 23:35:00","O H",61846,50.17,-5.70,0.00
"01/18/2024 23:35:00","PJM",61847,36.94,0.34,19.27
"01/18/2024 23:35:00","WEST",61752,51.84,-4.02,0.00
"01/18/2024 23:40:00","CAPITL",61757,59.51,3.58,0.00
"01/18/2024 23:40:00","CENTRL",61754,55.43,-0.50,0.00
"01/18/2024 23:40:00","DUNWOD",61760,60.97,5.04,0.00
"01/18/2024 23:40:00","GENESE",61753,52.91,-3.02,0.00
"01/18/2024 23:40:00","H Q",61844,54.93,-1.01,0.00
"01/18/2024 23:40:00","HUD VL",61758,60.74,4.81,0.00
"01/18/2024 23:40:00","LONGIL",61762,61.97,6.04,0.00
"01/18/2024 23:40:00","MHK VL",61756,58.95,3.02,0.00
"01/18/2024 23:40:00","MILLWD",61759,60.97,5.04,0.00
"01/18/2024 23:40:00","N.Y.C.",61761,61.47,5.54,0.00
"01/18/2024 23:40:00","NORTH",61755,55.76,-0.17,0.00
"01/18/2024 23:40:00","NPX",61845,59.74,3.81,0.00
"01/18/2024 23:40:00","O H",61846,50.22,-5.71,0.00
"01/18/2024 23:40:00","PJM",61847,37.06,0.39,19.27
"01/18/2024 23:40:00","WEST",61752,51.90,-4.03,0.00
"01/18/2024 23:45:00","CAPITL",61757,59.71,3.59,0.00
"01/18/2024 23:45:00","CENTRL",61754,55.50,-0.62,0.00
"01/18/2024 23:45:00","DUNWOD",61760,61.22,5.11,0.00
"01/18/2024 23:45:00","GENESE",61753,52.97,-3.14,0.00
"01/18/2024 23:45:00","H Q",61844,55.16,-0.95,0.00
"01/18/2024 23:45:00","HUD VL",61758,60.94,4.83,0.00
"01/18/2024 23:45:00","LONGIL",61762,62.18,6.06,0.00
"01/18/2024 23:45:00","MHK VL",61756,59.09,2.97,0.00
"01/18/2024 23:45:00","MILLWD",61759,61.22,5.11,0.00
"01/18/2024 23:45:00","N.Y.C.",61761,61.73,5.61,0.00
"01/18/2024 23:45:00","NORTH",61755,56.00,-0.11,0.00
"01/18/2024 23:45:00","NPX",61845,59.98,3.87,0.00
"01/18/2024 23:45:00","O H",61846,50.22,-5.89,0.00
"01/18/2024 23:45:00","PJM",61847,37.19,0.34,19.27
"01/18/2024 23:45:00","WEST",61752,51.85,-4.27,0.00
"01/18/2024 23:50:00","CAPITL",61757,62.99,3.79,0.00
"01/18/2024 23:50:00","CENTRL",61754,58.55,-0.65,0.00
"01/18/2024 23:50:00","DUNWOD",61760,64.53,5.33,0.00
"01/18/2024 23:50:00","GENESE",61753,55.82,-3.37,0.00
"01/18/2024 23:50:00","H Q",61844,58.19,-1.01,0.00
"01/18/2024 23:50:00","HUD VL",61758,64.23,5.03,0.00
"01/18/2024 23:50:00","LONGIL",61762,65.47,6.27,0.00
"01/18/2024 23:50:00","MHK VL",61756,62.33,3.14,0.00
"01/18/2024 23:50:00","MILLWD",61759,64.46,5.27,0.00
"01/18/2024 23:50:00","N.Y.C.",61761,65.00,5.80,0.00
"01/18/2024 23:50:00","NORTH",61755,59.14,-0.06,0.00
"01/18/2024 23:50:00","NPX",61845,63.28,4.08,0.00
"01/18/2024 23:50:00","O H",61846,52.86,-6.33,0.00
"01/18/2024 23:50:00","PJM",61847,40.67,0.24,18.77
"01/18/2024 23:50:00","WEST",61752,54.58,-4.62,0.00
"01/18/2024 23:55:00","CAPITL",61757,34.04,2.02,0.00
"01/18/2024 23:55:00","CENTRL",61754,31.70,-0.32,0.00
"01/18/2024 23:55:00","DUNWOD",61760,34.87,2.85,0.00
"01/18/2024 23:55:00","GENESE",61753,30.23,-1.79,0.00
"01/18/2024 23:55:00","H Q",61844,31.48,-0.54,0.00
"01/18/2024 23:55:00","HUD VL",61758,34.71,2.69,0.00
"01/18/2024 23:55:00","LONGIL",61762,35.38,3.36,0.00
"01/18/2024 23:55:00","MHK VL",61756,33.69,1.66,0.00
"01/18/2024 23:55:00","MILLWD",61759,34.84,2.82,0.00
"01/18/2024 23:55:00","N.Y.C.",61761,35.13,3.11,0.00
"01/18/2024 23:55:00","NORTH",61755,31.99,-0.03,0.00
"01/18/2024 23:55:00","NPX",61845,34.20,2.18,0.00
"01/18/2024 23:55:00","O H",61846,28.66,-3.36,0.00
"01/18/2024 23:55:00","PJM",61847,13.42,0.16,18.77
"01/18/2024 23:55:00","WEST",61752,29.59,-2.44,0.00
"01/19/2024 00:00:00","CAPITL",61757,270.86,15.33,0.00
"01/19/2024 00:00:00","CENTRL",61754,255.02,-0.51,0.00
"01/19/2024 00:00:00","DUNWOD",61760,276.22,20.69,0.00
"01/19/2024 00:00:00","GENESE",61753,242.51,-13.02,0.00
"01/19/2024 00:00:00","H Q",61844,251.43,-4.10,0.00
"01/19/2024 00:00:00","HUD VL",61758,275.48,19.94,0.00
"01/19/2024 00:00:00","LONGIL",61762,279.03,23.49,0.00
"01/19/2024 00:00:00","MHK VL",61756,269.07,13.53,0.00
"01/19/2024 00:00:00","MILLWD",61759,276.22,20.69,0.00
"01/19/2024 00:00:00","N.Y.C.",61761,277.75,22.22,0.00
"01/19/2024 00:00:00","NORTH",61755,255.79,0.26,0.00
"01/19/2024 00:00:00","NPX",61845,271.38,15.85,0.00
"01/19/2024 00:00:00","O H",61846,231.00,-24.53,0.00
"01/19/2024 00:00:00","PJM",61847,239.32,2.56,18.77
"01/19/2024 00:00:00","WEST",61752,239.44,-16.09,0.00
