"Time Stamp","Name","PTID","LBMP ($/MWHr)","Marginal Cost Losses ($/MWHr)","Marginal Cost Congestion ($/MWHr)"
"11/10/2024 00:05:00","CAPITL",61757,25.14,1.08,0.00
"11/10/2024 00:05:00","CENTRL",61754,23.60,-0.46,0.00
"11/10/2024 00:05:00","DUNWOD",61760,25.14,1.08,0.00
"11/10/2024 00:05:00","GENESE",61753,23.19,-0.87,0.00
"11/10/2024 00:05:00","H Q",61844,24.15,0.10,0.00
"11/10/2024 00:05:00","HUD VL",61758,25.02,0.96,0.00
"11/10/2024 00:05:00","LONGIL",61762,25.55,1.49,0.00
"11/10/2024 00:05:00","MHK VL",61756,24.85,0.79,0.00
"11/10/2024 00:05:00","MILLWD",61759,25.07,1.01,0.00
"11/10/2024 00:05:00","N.Y.C.",61761,25.23,1.18,0.00
"11/10/2024 00:05:00","NORTH",61755,24.51,0.46,0.00
"11/10/2024 00:05:00","NPX",61845,20.92,0.79,3.92
"11/10/2024 00:05:00","O H",61846,22.66,-1.40,0.00
"11/10/2024 00:05:00","PJM",61847,12.34,-0.34,11.38
"11/10/2024 00:05:00","WEST",61752,23.02,-1.03,0.00
"11/10/2024 00:10:00","CAPITL",61757,31.22,1.37,0.00
"11/10/2024 00:10:00","CENTRL",61754,29.17,-0.69,0.00
"11/10/2024 00:10:00","DUNWOD",61760,31.28,1.43,0.00
"11/10/2024 00:10:00","GENESE",61753,28.72,-1.13,0.00
"11/10/2024 00:10:00","H Q",61844,29.94,0.09,0.00
"11/10/2024 00:10:00","HUD VL",61758,31.10,1.25,0.00
"11/10/2024 00:10:00","LONGIL",61762,31.88,2.03,0.00
"11/10/2024 00:10:00","MHK VL",61756,30.81,0.95,0.00
"11/10/2024 00:10:00","MILLWD",61759,31.20,1.34,0.00
"11/10/2024 00:10:00","N.Y.C.",61761,31.37,1.52,0.00
"11/10/2024 00:10:00","NORTH",61755,30.36,0.51,0.00
"11/10/2024 00:10:00","NPX",61845,26.97,1.04,3.92
"11/10/2024 00:10:00","O H",61846,28.03,-1.82,0.00
"11/10/2024 00:10:00","PJM",61847,18.05,-0.42,11.38
"11/10/2024 00:10:00","WEST",61752,28.48,-1.37,0.00
"11/10/2024 00:15:00","CAPITL",61757,25.14,1.08,0.00
"11/10/2024 00:15:00","CENTRL",61754,23.62,-0.43,0.00
"11/10/2024 00:15:00","DUNWOD",61760,25.16,1.11,0.00
"11/10/2024 00:15:00","GENESE",61753,23.17,-0.89,0.00
"11/10/2024 00:15:00","H Q",61844,24.13,0.07,0.00
"11/10/2024 00:15:00","HUD VL",61758,25.04,0.99,0.00
"11/10/2024 00:15:00","LONGIL",61762,25.67,1.61,0.00
"11/10/2024 00:15:00","MHK VL",61756,24.83,0.77,0.00
"11/10/2024 00:15:00","MILLWD",61759,25.09,1.03,0.00
"11/10/2024 00:15:00","N.Y.C.",61761,25.21,1.15,0.00
"11/10/2024 00:15:00","NORTH",61755,24.44,0.38,0.00
"11/10/2024 00:15:00","NPX",61845,20.95,0.82,3.92
"11/10/2024 00:15:00","O H",61846,22.64,-1.42,0.00
"11/10/2024 00:15:00","PJM",61847,12.41,-0.26,11.38
"11/10/2024 00:15:00","WEST",61752,23.02,-1.03,0.00
"11/10/2024 00:20:00","CAPITL",61757,23.37,1.03,0.00
"11/10/2024 00:20:00","CENTRL",61754,21.91,-0.43,0.00
"11/10/2024 00:20:00","DUNWOD",61760,23.39,1.05,0.00
"11/10/2024 00:20:00","GENESE",61753,21.51,-0.83,0.00
"11/10/2024 00:20:00","H Q",61844,22.38,0.04,0.00
"11/10/2024 00:20:00","HUD VL",61758,23.26,0.92,0.00
"11/10/2024 00:20:00","LONGIL",61762,23.88,1.54,0.00
"11/10/2024 00:20:00","MHK VL",61756,23.03,0.69,0.00
"11/10/2024 00:20:00","MILLWD",61759,23.32,0.98,0.00
"11/10/2024 00:20:00","N.Y.C.",61761,23.43,1.09,0.00
"11/10/2024 00:20:00","NORTH",61755,22.68,0.34,0.00
"11/10/2024 00:20:00","NPX",61845,23.10,0.76,0.00
"11/10/2024 00:20:00","O H",61846,21.00,-1.34,0.00
"11/10/2024 00:20:00","PJM",61847,22.09,-0.25,0.00
"11/10/2024 00:20:00","WEST",61752,21.36,-0.98,0.00
"11/10/2024 00:25:00","CAPITL",61757,23.05,1.01,0.00
"11/10/2024 00:25:00","CENTRL",61754,21.61,-0.42,0.00
"11/10/2024 00:25:00","DUNWOD",61760,23.07,1.04,0.00
"11/10/2024 00:25:00","GENESE",61753,21.17,-0.86,0.00
"11/10/2024 00:25:00","H Q",61844,22.10,0.07,0.00
"11/10/2024 00:25:00","HUD VL",61758,22.94,0.90,0.00
"11/10/2024 00:25:00","LONGIL",61762,34.09,1.54,-10.52
"11/10/2024 00:25:00","MHK VL",61756,22.72,0.68,0.00
"11/10/2024 00:25:00","MILLWD",61759,23.00,0.97,0.00
"11/10/2024 00:25:00","N.Y.C.",61761,23.11,1.08,0.00
"11/10/2024 00:25:00","NORTH",61755,22.36,0.33,0.00
"11/10/2024 00:25:00","NPX",61845,22.78,0.75,0.00
"11/10/2024 00:25:00","O H",61846,20.67,-1.37,0.00
"11/10/2024 00:25:00","PJM",61847,21.79,-0.24,0.00
"11/10/2024 00:25:00","WEST",61752,21.02,-1.01,0.00
"11/10/2024 00:30:00","CAPITL",61757,23.02,1.01,0.00
"11/10/2024 00:30:00","CENTRL",61754,21.59,-0.42,0.00
"11/10/2024 00:30:00","DUNWOD",61760,23.04,1.03,0.00
"11/10/2024 00:30:00","GENESE",61753,21.13,-0.88,0.00
"11/10/2024 00:30:00","H Q",61844,22.05,0.04,0.00
"11/10/2024 00:30:00","HUD VL",61758,22.93,0.92,0.00
"11/10/2024 00:30:00","LONGIL",61762,34.09,1.54,-10.54
"11/10/2024 00:30:00","MHK VL",61756,22.67,0.66,0.00
"11/10/2024 00:30:00","MILLWD",61759,23.00,0.99,0.00
"11/10/2024 00:30:00","N.Y.C.",61761,23.09,1.08,0.00
"11/10/2024 00:30:00","NORTH",61755,22.34,0.33,0.00
"11/10/2024 00:30:00","NPX",61845,22.78,0.77,0.00
"11/10/2024 00:30:00","O H",61846,20.60,-1.41,0.00
"11/10/2024 00:30:00","PJM",61847,21.77,-0.24,0.00
"11/10/2024 00:30:00","WEST",61752,20.95,-1.06,0.00
"11/10/2024 00:35:00","CAPITL",61757,22.75,1.00,0.00
"11/10/2024 00:35:00","CENTRL",61754,21.35,-0.39,0.00
"11/10/2024 00:35:00","DUNWOD",61760,22.75,1.00,0.00
"11/10/2024 00:35:00","GENESE",61753,20.90,-0.85,0.00
"11/10/2024 00:35:00","H Q",61844,21.81,0.07,0.00
"11/10/2024 00:35:00","HUD VL",61758,22.62,0.87,0.00
"11/10/2024 00:35:00","LONGIL",61762,34.11,1.50,-10.87
"11/10/2024 00:35:00","MHK VL",61756,22.40,0.65,0.00
"11/10/2024 00:35:00","MILLWD",61759,22.68,0.93,0.00
"11/10/2024 00:35:00","N.Y.C.",61761,22.79,1.04,0.00
"11/10/2024 00:35:00","NORTH",61755,22.09,0.35,0.00
"11/10/2024 00:35:00","NPX",61845,22.51,0.76,0.00
"11/10/2024 00:35:00","O H",61846,20.42,-1.33,0.00
"11/10/2024 00:35:00","PJM",61847,21.51,-0.24,0.00
"11/10/2024 00:35:00","WEST",61752,20.77,-0.98,0.00
"11/10/2024 00:40:00","CAPITL",61757,22.77,1.00,0.00
"11/10/2024 00:40:00","CENTRL",61754,21.40,-0.37,0.00
"11/10/2024 00:40:00","DUNWOD",61760,22.75,0.98,0.00
"11/10/2024 00:40:00","GENESE",61753,20.92,-0.85,0.00
"11/10/2024 00:40:00","H Q",61844,21.83,0.07,0.00
"11/10/2024 00:40:00","HUD VL",61758,22.64,0.87,0.00
"11/10/2024 00:40:00","LONGIL",61762,23.25,1.48,0.00
"11/10/2024 00:40:00","MHK VL",61756,22.44,0.68,0.00
"11/10/2024 00:40:00","MILLWD",61759,22.70,0.94,0.00
"11/10/2024 00:40:00","N.Y.C.",61761,22.79,1.02,0.00
"11/10/2024 00:40:00","NORTH",61755,22.14,0.37,0.00
"11/10/2024 00:40:00","NPX",61845,22.53,0.76,0.00
"11/10/2024 00:40:00","O H",61846,20.42,-1.35,0.00
"11/10/2024 00:40:00","PJM",61847,21.53,-0.24,0.00
"11/10/2024 00:40:00","WEST",61752,20.77,-1.00,0.00
"11/10/2024 00:45:00","CAPITL",61757,22.79,1.02,0.00
"11/10/2024 00:45:00","CENTRL",61754,21.37,-0.39,0.00
"11/10/2024 00:45:00","DUNWOD",61760,22.75,0.98,0.00
"11/10/2024 00:45:00","GENESE",61753,20.85,-0.91,0.00
"11/10/2024 00:45:00","H Q",61844,21.83,0.07,0.00
"11/10/2024 00:45:00","HUD VL",61758,22.64,0.87,0.00
"11/10/2024 00:45:00","LONGIL",61762,23.22,1.46,0.00
"11/10/2024 00:45:00","MHK VL",61756,22.42,0.65,0.00
"11/10/2024 00:45:00","MILLWD",61759,22.68,0.91,0.00
"11/10/2024 00:45:00","N.Y.C.",61761,22.79,1.02,0.00
"11/10/2024 00:45:00","NORTH",61755,22.14,0.37,0.00
"11/10/2024 00:45:00","NPX",61845,22.57,0.81,0.00
"11/10/2024 00:45:00","O H",61846,20.33,-1.44,0.00
"11/10/2024 00:45:00","PJM",61847,21.51,-0.26,0.00
"11/10/2024 00:45:00","WEST",61752,20.70,-1.07,0.00
"11/10/2024 00:50:00","CAPITL",61757,22.79,1.04,0.00
"11/10/2024 00:50:00","CENTRL",61754,21.31,-0.43,0.00
"11/10/2024 00:50:00","DUNWOD",61760,22.75,1.00,0.00
"11/10/2024 00:50:00","GENESE",61753,20.75,-1.00,0.00
"11/10/2024 00:50:00","H Q",61844,21.81,0.07,0.00
"11/10/2024 00:50:00","HUD VL",61758,22.64,0.89,0.00
"11/10/2024 00:50:00","LONGIL",61762,23.23,1.48,0.00
"11/10/2024 00:50:00","MHK VL",61756,22.40,0.65,0.00
"11/10/2024 00:50:00","MILLWD",61759,22.68,0.93,0.00
"11/10/2024 00:50:00","N.Y.C.",61761,22.79,1.04,0.00
"11/10/2024 00:50:00","NORTH",61755,22.11,0.37,0.00
"11/10/2024 00:50:00","NPX",61845,22.62,0.87,0.00
"11/10/2024 00:50:00","O H",61846,20.16,-1.59,0.00
"11/10/2024 00:50:00","PJM",61847,21.42,-0.33,0.00
"11/10/2024 00:50:00","WEST",61752,20.51,-1.24,0.00
"11/10/2024 00:55:00","CAPITL",61757,22.12,1.01,0.00
"11/10/2024 00:55:00","CENTRL",61754,20.68,-0.42,0.00
"11/10/2024 00:55:00","DUNWOD",61760,22.08,0.97,0.00
"11/10/2024 00:55:00","GENESE",61753,20.11,-0.99,0.00
"11/10/2024 00:55:00","H Q",61844,21.15,0.04,0.00
"11/10/2024 00:55:00","HUD VL",61758,21.97,0.87,0.00
"11/10/2024 00:55:00","LONGIL",61762,22.54,1.44,0.00
"11/10/2024 00:55:00","MHK VL",61756,21.74,0.63,0.00
"11/10/2024 00:55:00","MILLWD",61759,22.03,0.93,0.00
"11/10/2024 00:55:00","N.Y.C.",61761,22.12,1.01,0.00
"11/10/2024 00:55:00","NORTH",61755,21.46,0.36,0.00
"11/10/2024 00:55:00","NPX",61845,21.95,0.85,0.00
"11/10/2024 00:55:00","O H",61846,19.56,-1.54,0.00
"11/10/2024 00:55:00","PJM",61847,20.81,-0.30,0.00
"11/10/2024 00:55:00","WEST",61752,19.90,-1.20,0.00
"11/10/2024 01:00:00","CAPITL",61757,34.21,1.57,0.00
"11/10/2024 01:00:00","CENTRL",61754,31.95,-0.69,0.00
"11/10/2024 01:00:00","DUNWOD",61760,34.14,1.50,0.00
"11/10/2024 01:00:00","GENESE",61753,31.01,-1.63,0.00
"11/10/2024 01:00:00","H Q",61844,32.71,0.07,0.00
"11/10/2024 01:00:00","HUD VL",61758,33.98,1.34,0.00
"11/10/2024 01:00:00","LONGIL",61762,34.70,2.06,0.00
"11/10/2024 01:00:00","MHK VL",61756,33.65,1.01,0.00
"11/10/2024 01:00:00","MILLWD",61759,34.08,1.43,0.00
"11/10/2024 01:00:00","N.Y.C.",61761,34.21,1.57,0.00
"11/10/2024 01:00:00","NORTH",61755,33.20,0.55,0.00
"11/10/2024 01:00:00","NPX",61845,33.95,1.31,0.00
"11/10/2024 01:00:00","O H",61846,30.10,-2.55,0.00
"11/10/2024 01:00:00","PJM",61847,32.15,-0.49,0.00
"11/10/2024 01:00:00","WEST",61752,30.62,-2.02,0.00
"11/10/2024 01:05:00","CAPITL",61757,33.75,1.55,0.00
"11/10/2024 01:05:00","CENTRL",61754,31.59,-0.61,0.00
"11/10/2024 01:05:00","DUNWOD",61760,33.69,1.48,0.00
"11/10/2024 01:05:00","GENESE",61753,30.46,-1.74,0.00
"11/10/2024 01:05:00","H Q",61844,32.27,0.06,0.00
"11/10/2024 01:05:00","HUD VL",61758,33.52,1.32,0.00
"11/10/2024 01:05:00","LONGIL",61762,34.17,1.96,0.00
"11/10/2024 01:05:00","MHK VL",61756,33.20,1.00,0.00
"11/10/2024 01:05:00","MILLWD",61759,33.62,1.42,0.00
"11/10/2024 01:05:00","N.Y.C.",61761,33.75,1.55,0.00
"11/10/2024 01:05:00","NORTH",61755,32.72,0.51,0.00
"11/10/2024 01:05:00","NPX",61845,33.49,1.29,0.00
"11/10/2024 01:05:00","O H",61846,29.50,-2.70,0.00
"11/10/2024 01:05:00","PJM",61847,31.75,-0.45,0.00
"11/10/2024 01:05:00","WEST",61752,30.01,-2.19,0.00
"11/10/2024 01:10:00","CAPITL",61757,27.83,1.30,0.00
"11/10/2024 01:10:00","CENTRL",61754,26.05,-0.48,0.00
"11/10/2024 01:10:00","DUNWOD",61760,27.78,1.25,0.00
"11/10/2024 01:10:00","GENESE",61753,25.05,-1.49,0.00
"11/10/2024 01:10:00","H Q",61844,26.58,0.05,0.00
"11/10/2024 01:10:00","HUD VL",61758,27.65,1.11,0.00
"11/10/2024 01:10:00","LONGIL",61762,28.18,1.65,0.00
"11/10/2024 01:10:00","MHK VL",61756,27.35,0.82,0.00
"11/10/2024 01:10:00","MILLWD",61759,27.70,1.17,0.00
"11/10/2024 01:10:00","N.Y.C.",61761,27.80,1.27,0.00
"11/10/2024 01:10:00","NORTH",61755,26.93,0.40,0.00
"11/10/2024 01:10:00","NPX",61845,27.59,1.06,0.00
"11/10/2024 01:10:00","O H",61846,24.22,-2.31,0.00
"11/10/2024 01:10:00","PJM",61847,26.19,-0.35,0.00
"11/10/2024 01:10:00","WEST",61752,24.67,-1.86,0.00
"11/10/2024 01:15:00","CAPITL",61757,24.26,1.15,0.00
"11/10/2024 01:15:00","CENTRL",61754,22.59,-0.51,0.00
"11/10/2024 01:15:00","DUNWOD",61760,24.19,1.09,0.00
"11/10/2024 01:15:00","GENESE",61753,21.79,-1.32,0.00
"11/10/2024 01:15:00","H Q",61844,23.15,0.05,0.00
"11/10/2024 01:15:00","HUD VL",61758,24.07,0.97,0.00
"11/10/2024 01:15:00","LONGIL",61762,24.53,1.43,0.00
"11/10/2024 01:15:00","MHK VL",61756,23.79,0.69,0.00
"11/10/2024 01:15:00","MILLWD",61759,24.14,1.04,0.00
"11/10/2024 01:15:00","N.Y.C.",61761,24.23,1.13,0.00
"11/10/2024 01:15:00","NORTH",61755,23.49,0.39,0.00
"11/10/2024 01:15:00","NPX",61845,24.07,0.97,0.00
"11/10/2024 01:15:00","O H",61846,21.07,-2.03,0.00
"11/10/2024 01:15:00","PJM",61847,22.73,-0.37,0.00
"11/10/2024 01:15:00","WEST",61752,21.44,-1.66,0.00
"11/10/2024 01:20:00","CAPITL",61757,24.15,1.15,0.00
"11/10/2024 01:20:00","CENTRL",61754,22.47,-0.53,0.00
"11/10/2024 01:20:00","DUNWOD",61760,24.08,1.08,0.00
"11/10/2024 01:20:00","GENESE",61753,21.76,-1.24,0.00
"11/10/2024 01:20:00","H Q",61844,23.05,0.05,0.00
"11/10/2024 01:20:00","HUD VL",61758,23.97,0.97,0.00
"11/10/2024 01:20:00","LONGIL",61762,24.43,1.43,0.00
"11/10/2024 01:20:00","MHK VL",61756,23.69,0.69,0.00
"11/10/2024 01:20:00","MILLWD",61759,24.04,1.04,0.00
"11/10/2024 01:20:00","N.Y.C.",61761,24.13,1.13,0.00
"11/10/2024 01:20:00","NORTH",61755,23.39,0.39,0.00
"11/10/2024 01:20:00","NPX",61845,23.97,0.97,0.00
"11/10/2024 01:20:00","O H",61846,21.07,-1.93,0.00
"11/10/2024 01:20:00","PJM",61847,22.63,-0.37,0.00
"11/10/2024 01:20:00","WEST",61752,21.41,-1.59,0.00
"11/10/2024 01:25:00","CAPITL",61757,24.02,1.14,0.00
"11/10/2024 01:25:00","CENTRL",61754,22.35,-0.53,0.00
"11/10/2024 01:25:00","DUNWOD",61760,23.95,1.08,0.00
"11/10/2024 01:25:00","GENESE",61753,21.68,-1.19,0.00
"11/10/2024 01:25:00","H Q",61844,22.92,0.05,0.00
"11/10/2024 01:25:00","HUD VL",61758,23.84,0.96,0.00
"11/10/2024 01:25:00","LONGIL",61762,24.32,1.44,0.00
"11/10/2024 01:25:00","MHK VL",61756,23.56,0.69,0.00
"11/10/2024 01:25:00","MILLWD",61759,23.91,1.03,0.00
"11/10/2024 01:25:00","N.Y.C.",61761,24.00,1.12,0.00
"11/10/2024 01:25:00","NORTH",61755,23.24,0.36,0.00
"11/10/2024 01:25:00","NPX",61845,23.84,0.96,0.00
"11/10/2024 01:25:00","O H",61846,21.04,-1.83,0.00
"11/10/2024 01:25:00","PJM",61847,22.53,-0.34,0.00
"11/10/2024 01:25:00","WEST",61752,21.39,-1.49,0.00
"11/10/2024 01:30:00","CAPITL",61757,24.02,1.14,0.00
"11/10/2024 01:30:00","CENTRL",61754,22.39,-0.48,0.00
"11/10/2024 01:30:00","DUNWOD",61760,23.93,1.05,0.00
"11/10/2024 01:30:00","GENESE",61753,21.71,-1.17,0.00
"11/10/2024 01:30:00","H Q",61844,22.92,0.05,0.00
"11/10/2024 01:30:00","HUD VL",61758,23.81,0.94,0.00
"11/10/2024 01:30:00","LONGIL",61762,24.27,1.40,0.00
"11/10/2024 01:30:00","MHK VL",61756,23.59,0.71,0.00
"11/10/2024 01:30:00","MILLWD",61759,23.86,0.98,0.00
"11/10/2024 01:30:00","N.Y.C.",61761,23.95,1.08,0.00
"11/10/2024 01:30:00","NORTH",61755,23.24,0.36,0.00
"11/10/2024 01:30:00","NPX",61845,23.81,0.94,0.00
"11/10/2024 01:30:00","O H",61846,21.04,-1.83,0.00
"11/10/2024 01:30:00","PJM",61847,22.56,-0.32,0.00
"11/10/2024 01:30:00","WEST",61752,21.41,-1.46,0.00
"11/10/2024 01:35:00","CAPITL",61757,24.07,1.15,0.00
"11/10/2024 01:35:00","CENTRL",61754,22.40,-0.53,0.00
"11/10/2024 01:35:00","DUNWOD",61760,24.00,1.08,0.00
"11/10/2024 01:35:00","GENESE",61753,21.73,-1.19,0.00
"11/10/2024 01:35:00","H Q",61844,22.97,0.05,0.00
"11/10/2024 01:35:00","HUD VL",61758,23.91,0.99,0.00
"11/10/2024 01:35:00","LONGIL",61762,24.37,1.45,0.00
"11/10/2024 01:35:00","MHK VL",61756,23.64,0.71,0.00
"11/10/2024 01:35:00","MILLWD",61759,23.96,1.03,0.00
"11/10/2024 01:35:00","N.Y.C.",61761,24.05,1.12,0.00
"11/10/2024 01:35:00","NORTH",61755,23.29,0.37,0.00
"11/10/2024 01:35:00","NPX",61845,23.89,0.96,0.00
"11/10/2024 01:35:00","O H",61846,21.07,-1.86,0.00
"11/10/2024 01:35:00","PJM",61847,22.58,-0.34,0.00
"11/10/2024 01:35:00","WEST",61752,21.41,-1.51,0.00
"11/10/2024 01:40:00","CAPITL",61757,24.07,1.15,0.00
"11/10/2024 01:40:00","CENTRL",61754,22.42,-0.50,0.00
"11/10/2024 01:40:00","DUNWOD",61760,24.00,1.08,0.00
"11/10/2024 01:40:00","GENESE",61753,21.73,-1.19,0.00
"11/10/2024 01:40:00","H Q",61844,22.95,0.02,0.00
"11/10/2024 01:40:00","HUD VL",61758,23.91,0.99,0.00
"11/10/2024 01:40:00","LONGIL",61762,24.35,1.42,0.00
"11/10/2024 01:40:00","MHK VL",61756,23.66,0.73,0.00
"11/10/2024 01:40:00","MILLWD",61759,23.96,1.03,0.00
"11/10/2024 01:40:00","N.Y.C.",61761,24.05,1.12,0.00
"11/10/2024 01:40:00","NORTH",61755,23.27,0.34,0.00
"11/10/2024 01:40:00","NPX",61845,23.89,0.96,0.00
"11/10/2024 01:40:00","O H",61846,21.05,-1.88,0.00
"11/10/2024 01:40:00","PJM",61847,22.58,-0.34,0.00
"11/10/2024 01:40:00","WEST",61752,21.39,-1.54,0.00
"11/10/2024 01:45:00","CAPITL",61757,25.16,1.20,0.00
"11/10/2024 01:45:00","CENTRL",61754,23.41,-0.55,0.00
"11/10/2024 01:45:00","DUNWOD",61760,25.14,1.17,0.00
"11/10/2024 01:45:00","GENESE",61753,22.64,-1.32,0.00
"11/10/2024 01:45:00","H Q",61844,23.99,0.02,0.00
"11/10/2024 01:45:00","HUD VL",61758,25.01,1.05,0.00
"11/10/2024 01:45:00","LONGIL",61762,25.47,1.51,0.00
"11/10/2024 01:45:00","MHK VL",61756,24.71,0.74,0.00
"11/10/2024 01:45:00","MILLWD",61759,25.06,1.10,0.00
"11/10/2024 01:45:00","N.Y.C.",61761,25.18,1.22,0.00
"11/10/2024 01:45:00","NORTH",61755,24.32,0.36,0.00
"11/10/2024 01:45:00","NPX",61845,24.97,1.01,0.00
"11/10/2024 01:45:00","O H",61846,21.90,-2.06,0.00
"11/10/2024 01:45:00","PJM",61847,23.60,-0.36,0.00
"11/10/2024 01:45:00","WEST",61752,22.26,-1.70,0.00
"11/10/2024 01:50:00","CAPITL",61757,26.60,1.27,0.00
"11/10/2024 01:50:00","CENTRL",61754,24.83,-0.51,0.00
"11/10/2024 01:50:00","DUNWOD",61760,26.52,1.19,0.00
"11/10/2024 01:50:00","GENESE",61753,23.99,-1.34,0.00
"11/10/2024 01:50:00","H Q",61844,25.36,0.03,0.00
"11/10/2024 01:50:00","HUD VL",61758,26.40,1.06,0.00
"11/10/2024 01:50:00","LONGIL",61762,26.88,1.55,0.00
"11/10/2024 01:50:00","MHK VL",61756,26.14,0.81,0.00
"11/10/2024 01:50:00","MILLWD",61759,26.44,1.11,0.00
"11/10/2024 01:50:00","N.Y.C.",61761,26.55,1.22,0.00
"11/10/2024 01:50:00","NORTH",61755,25.74,0.40,0.00
"11/10/2024 01:50:00","NPX",61845,26.40,1.06,0.00
"11/10/2024 01:50:00","O H",61846,23.23,-2.10,0.00
"11/10/2024 01:50:00","PJM",61847,25.00,-0.33,0.00
"11/10/2024 01:50:00","WEST",61752,23.63,-1.70,0.00
"11/10/2024 01:55:00","CAPITL",61757,27.05,1.29,0.00
"11/10/2024 01:55:00","CENTRL",61754,25.25,-0.52,0.00
"11/10/2024 01:55:00","DUNWOD",61760,27.00,1.24,0.00
"11/10/2024 01:55:00","GENESE",61753,24.37,-1.39,0.00
"11/10/2024 01:55:00","H Q",61844,25.79,0.03,0.00
"11/10/2024 01:55:00","HUD VL",61758,26.87,1.11,0.00
"11/10/2024 01:55:00","LONGIL",61762,27.34,1.57,0.00
"11/10/2024 01:55:00","MHK VL",61756,26.56,0.80,0.00
"11/10/2024 01:55:00","MILLWD",61759,26.92,1.16,0.00
"11/10/2024 01:55:00","N.Y.C.",61761,27.03,1.26,0.00
"11/10/2024 01:55:00","NORTH",61755,26.15,0.39,0.00
"11/10/2024 01:55:00","NPX",61845,26.85,1.08,0.00
"11/10/2024 01:55:00","O H",61846,23.63,-2.14,0.00
"11/10/2024 01:55:00","PJM",61847,25.46,-0.31,0.00
"11/10/2024 01:55:00","WEST",61752,24.01,-1.75,0.00
"11/10/2024 02:00:00","CAPITL",61757,24.00,1.12,0.00
"11/10/2024 02:00:00","CENTRL",61754,22.33,-0.55,0.00
"11/10/2024 02:00:00","DUNWOD",61760,24.06,1.19,0.00
"11/10/2024 02:00:00","GENESE",61753,21.68,-1.19,0.00
"11/10/2024 02:00:00","H Q",61844,22.92,0.05,0.00
"11/10/2024 02:00:00","HUD VL",61758,23.93,1.05,0.00
"11/10/2024 02:00:00","LONGIL",61762,24.54,1.67,0.00
"11/10/2024 02:00:00","MHK VL",61756,23.54,0.66,0.00
"11/10/2024 02:00:00","MILLWD",61759,24.02,1.14,0.00
"11/10/2024 02:00:00","N.Y.C.",61761,24.13,1.26,0.00
"11/10/2024 02:00:00","NORTH",61755,23.22,0.34,0.00
"11/10/2024 02:00:00","NPX",61845,23.81,0.94,0.00
"11/10/2024 02:00:00","O H",61846,21.04,-1.83,0.00
"11/10/2024 02:00:00","PJM",61847,22.60,-0.27,0.00
"11/10/2024 02:00:00","WEST",61752,21.39,-1.49,0.00
"11/10/2024 02:05:00","CAPITL",61757,25.11,1.17,0.00
"11/10/2024 02:05:00","CENTRL",61754,23.41,-0.53,0.00
"11/10/2024 02:05:00","DUNWOD",61760,25.18,1.24,0.00
"11/10/2024 02:05:00","GENESE",61753,22.76,-1.17,0.00
"11/10/2024 02:05:00","H Q",61844,23.96,0.02,0.00
"11/10/2024 02:05:00","HUD VL",61758,25.04,1.10,0.00
"11/10/2024 02:05:00","LONGIL",61762,34.12,1.82,-8.36
"11/10/2024 02:05:00","MHK VL",61756,24.63,0.69,0.00
"11/10/2024 02:05:00","MILLWD",61759,25.11,1.17,0.00
"11/10/2024 02:05:00","N.Y.C.",61761,25.25,1.32,0.00
"11/10/2024 02:05:00","NORTH",61755,24.30,0.36,0.00
"11/10/2024 02:05:00","NPX",61845,24.90,0.96,0.00
"11/10/2024 02:05:00","O H",61846,22.14,-1.80,0.00
"11/10/2024 02:05:00","PJM",61847,23.70,-0.24,0.00
"11/10/2024 02:05:00","WEST",61752,22.50,-1.44,0.00
"11/10/2024 02:10:00","CAPITL",61757,23.87,1.09,0.00
"11/10/2024 02:10:00","CENTRL",61754,22.28,-0.50,0.00
"11/10/2024 02:10:00","DUNWOD",61760,23.96,1.18,0.00
"11/10/2024 02:10:00","GENESE",61753,21.66,-1.12,0.00
"11/10/2024 02:10:00","H Q",61844,22.82,0.05,0.00
"11/10/2024 02:10:00","HUD VL",61758,23.82,1.05,0.00
"11/10/2024 02:10:00","LONGIL",61762,34.14,1.75,-9.61
"11/10/2024 02:10:00","MHK VL",61756,23.41,0.64,0.00
"11/10/2024 02:10:00","MILLWD",61759,23.89,1.12,0.00
"11/10/2024 02:10:00","N.Y.C.",61761,24.01,1.23,0.00
"11/10/2024 02:10:00","NORTH",61755,23.12,0.34,0.00
"11/10/2024 02:10:00","NPX",61845,23.69,0.91,0.00
"11/10/2024 02:10:00","O H",61846,21.07,-1.71,0.00
"11/10/2024 02:10:00","PJM",61847,22.55,-0.23,0.00
"11/10/2024 02:10:00","WEST",61752,21.39,-1.39,0.00
"11/10/2024 02:15:00","CAPITL",61757,23.92,1.10,0.00
"11/10/2024 02:15:00","CENTRL",61754,22.30,-0.52,0.00
"11/10/2024 02:15:00","DUNWOD",61760,23.99,1.16,0.00
"11/10/2024 02:15:00","GENESE",61753,21.69,-1.14,0.00
"11/10/2024 02:15:00","H Q",61844,22.87,0.05,0.00
"11/10/2024 02:15:00","HUD VL",61758,23.86,1.03,0.00
"11/10/2024 02:15:00","LONGIL",61762,24.56,1.73,0.00
"11/10/2024 02:15:00","MHK VL",61756,23.47,0.64,0.00
"11/10/2024 02:15:00","MILLWD",61759,23.95,1.12,0.00
"11/10/2024 02:15:00","N.Y.C.",61761,24.06,1.23,0.00
"11/10/2024 02:15:00","NORTH",61755,23.19,0.36,0.00
"11/10/2024 02:15:00","NPX",61845,23.74,0.91,0.00
"11/10/2024 02:15:00","O H",61846,21.07,-1.76,0.00
"11/10/2024 02:15:00","PJM",61847,22.55,-0.27,0.00
"11/10/2024 02:15:00","WEST",61752,21.39,-1.44,0.00
"11/10/2024 02:20:00","CAPITL",61757,24.03,1.10,0.00
"11/10/2024 02:20:00","CENTRL",61754,22.38,-0.55,0.00
"11/10/2024 02:20:00","DUNWOD",61760,24.14,1.21,0.00
"11/10/2024 02:20:00","GENESE",61753,21.71,-1.22,0.00
"11/10/2024 02:20:00","H Q",61844,22.97,0.05,0.00
"11/10/2024 02:20:00","HUD VL",61758,23.98,1.06,0.00
"11/10/2024 02:20:00","LONGIL",61762,24.69,1.77,0.00
"11/10/2024 02:20:00","MHK VL",61756,23.54,0.62,0.00
"11/10/2024 02:20:00","MILLWD",61759,24.07,1.15,0.00
"11/10/2024 02:20:00","N.Y.C.",61761,24.19,1.26,0.00
"11/10/2024 02:20:00","NORTH",61755,23.29,0.37,0.00
"11/10/2024 02:20:00","NPX",61845,23.87,0.94,0.00
"11/10/2024 02:20:00","O H",61846,21.07,-1.86,0.00
"11/10/2024 02:20:00","PJM",61847,22.65,-0.27,0.00
"11/10/2024 02:20:00","WEST",61752,21.39,-1.54,0.00
"11/10/2024 02:25:00","CAPITL",61757,23.87,1.09,0.00
"11/10/2024 02:25:00","CENTRL",61754,22.28,-0.50,0.00
"11/10/2024 02:25:00","DUNWOD",61760,23.94,1.16,0.00
"11/10/2024 02:25:00","GENESE",61753,21.66,-1.12,0.00
"11/10/2024 02:25:00","H Q",61844,22.82,0.05,0.00
"11/10/2024 02:25:00","HUD VL",61758,23.80,1.03,0.00
"11/10/2024 02:25:00","LONGIL",61762,24.49,1.71,0.00
"11/10/2024 02:25:00","MHK VL",61756,23.41,0.64,0.00
"11/10/2024 02:25:00","MILLWD",61759,23.87,1.09,0.00
"11/10/2024 02:25:00","N.Y.C.",61761,23.98,1.21,0.00
"11/10/2024 02:25:00","NORTH",61755,23.14,0.36,0.00
"11/10/2024 02:25:00","NPX",61845,23.71,0.93,0.00
"11/10/2024 02:25:00","O H",61846,21.04,-1.73,0.00
"11/10/2024 02:25:00","PJM",61847,22.55,-0.23,0.00
"11/10/2024 02:25:00","WEST",61752,21.39,-1.39,0.00
"11/10/2024 02:30:00","CAPITL",61757,23.97,1.12,0.00
"11/10/2024 02:30:00","CENTRL",61754,22.33,-0.52,0.00
"11/10/2024 02:30:00","DUNWOD",61760,24.01,1.16,0.00
"11/10/2024 02:30:00","GENESE",61753,21.69,-1.16,0.00
"11/10/2024 02:30:00","H Q",61844,22.90,0.05,0.00
"11/10/2024 02:30:00","HUD VL",61758,23.88,1.03,0.00
"11/10/2024 02:30:00","LONGIL",61762,24.56,1.71,0.00
"11/10/2024 02:30:00","MHK VL",61756,23.47,0.62,0.00
"11/10/2024 02:30:00","MILLWD",61759,23.97,1.12,0.00
"11/10/2024 02:30:00","N.Y.C.",61761,24.06,1.21,0.00
"11/10/2024 02:30:00","NORTH",61755,23.21,0.36,0.00
"11/10/2024 02:30:00","NPX",61845,23.81,0.96,0.00
"11/10/2024 02:30:00","O H",61846,21.07,-1.78,0.00
"11/10/2024 02:30:00","PJM",61847,22.60,-0.25,0.00
"11/10/2024 02:30:00","WEST",61752,21.41,-1.44,0.00
"11/10/2024 02:35:00","CAPITL",61757,25.09,1.17,0.00
"11/10/2024 02:35:00","CENTRL",61754,23.34,-0.57,0.00
"11/10/2024 02:35:00","DUNWOD",61760,25.16,1.24,0.00
"11/10/2024 02:35:00","GENESE",61753,22.67,-1.24,0.00
"11/10/2024 02:35:00","H Q",61844,23.96,0.05,0.00
"11/10/2024 02:35:00","HUD VL",61758,24.99,1.08,0.00
"11/10/2024 02:35:00","LONGIL",61762,25.71,1.79,0.00
"11/10/2024 02:35:00","MHK VL",61756,24.56,0.65,0.00
"11/10/2024 02:35:00","MILLWD",61759,25.09,1.17,0.00
"11/10/2024 02:35:00","N.Y.C.",61761,25.21,1.29,0.00
"11/10/2024 02:35:00","NORTH",61755,24.27,0.36,0.00
"11/10/2024 02:35:00","NPX",61845,25.36,1.03,-0.42
"11/10/2024 02:35:00","O H",61846,22.00,-1.91,0.00
"11/10/2024 02:35:00","PJM",61847,23.63,-0.29,0.00
"11/10/2024 02:35:00","WEST",61752,22.36,-1.55,0.00
"11/10/2024 02:40:00","CAPITL",61757,23.99,1.14,0.00
"11/10/2024 02:40:00","CENTRL",61754,22.35,-0.50,0.00
"11/10/2024 02:40:00","DUNWOD",61760,24.01,1.16,0.00
"11/10/2024 02:40:00","GENESE",61753,21.69,-1.16,0.00
"11/10/2024 02:40:00","H Q",61844,22.90,0.05,0.00
"11/10/2024 02:40:00","HUD VL",61758,23.88,1.03,0.00
"11/10/2024 02:40:00","LONGIL",61762,24.54,1.69,0.00
"11/10/2024 02:40:00","MHK VL",61756,23.47,0.62,0.00
"11/10/2024 02:40:00","MILLWD",61759,23.95,1.10,0.00
"11/10/2024 02:40:00","N.Y.C.",61761,24.06,1.21,0.00
"11/10/2024 02:40:00","NORTH",61755,23.19,0.34,0.00
"11/10/2024 02:40:00","NPX",61845,24.25,0.98,-0.42
"11/10/2024 02:40:00","O H",61846,21.04,-1.81,0.00
"11/10/2024 02:40:00","PJM",61847,22.62,-0.23,0.00
"11/10/2024 02:40:00","WEST",61752,21.41,-1.44,0.00
"11/10/2024 02:45:00","CAPITL",61757,23.95,1.12,0.00
"11/10/2024 02:45:00","CENTRL",61754,22.30,-0.52,0.00
"11/10/2024 02:45:00","DUNWOD",61760,23.99,1.16,0.00
"11/10/2024 02:45:00","GENESE",61753,21.66,-1.16,0.00
"11/10/2024 02:45:00","H Q",61844,22.87,0.05,0.00
"11/10/2024 02:45:00","HUD VL",61758,23.86,1.03,0.00
"11/10/2024 02:45:00","LONGIL",61762,24.52,1.69,0.00
"11/10/2024 02:45:00","MHK VL",61756,23.42,0.59,0.00
"11/10/2024 02:45:00","MILLWD",61759,23.92,1.10,0.00
"11/10/2024 02:45:00","N.Y.C.",61761,24.04,1.21,0.00
"11/10/2024 02:45:00","NORTH",61755,23.19,0.36,0.00
"11/10/2024 02:45:00","NPX",61845,24.22,0.98,-0.42
"11/10/2024 02:45:00","O H",61846,21.05,-1.78,0.00
"11/10/2024 02:45:00","PJM",61847,22.55,-0.27,0.00
"11/10/2024 02:45:00","WEST",61752,21.39,-1.44,0.00
"11/10/2024 02:50:00","CAPITL",61757,23.97,1.12,0.00
"11/10/2024 02:50:00","CENTRL",61754,22.35,-0.50,0.00
"11/10/2024 02:50:00","DUNWOD",61760,23.99,1.14,0.00
"11/10/2024 02:50:00","GENESE",61753,21.69,-1.16,0.00
"11/10/2024 02:50:00","H Q",61844,16.63,0.05,6.27
"11/10/2024 02:50:00","HUD VL",61758,23.85,1.00,0.00
"11/10/2024 02:50:00","LONGIL",61762,24.54,1.69,0.00
"11/10/2024 02:50:00","MHK VL",61756,23.44,0.59,0.00
"11/10/2024 02:50:00","MILLWD",61759,23.95,1.10,0.00
"11/10/2024 02:50:00","N.Y.C.",61761,24.04,1.19,0.00
"11/10/2024 02:50:00","NORTH",61755,23.21,0.36,0.00
"11/10/2024 02:50:00","NPX",61845,20.91,0.98,2.92
"11/10/2024 02:50:00","O H",61846,21.07,-1.78,0.00
"11/10/2024 02:50:00","PJM",61847,16.36,-0.23,6.27
"11/10/2024 02:50:00","WEST",61752,21.41,-1.44,0.00
"11/10/2024 02:55:00","CAPITL",61757,23.95,1.12,0.00
"11/10/2024 02:55:00","CENTRL",61754,22.30,-0.52,0.00
"11/10/2024 02:55:00","DUNWOD",61760,23.99,1.16,0.00
"11/10/2024 02:55:00","GENESE",61753,21.66,-1.16,0.00
"11/10/2024 02:55:00","H Q",61844,16.61,0.05,6.27
"11/10/2024 02:55:00","HUD VL",61758,23.86,1.03,0.00
"11/10/2024 02:55:00","LONGIL",61762,24.52,1.69,0.00
"11/10/2024 02:55:00","MHK VL",61756,23.42,0.59,0.00
"11/10/2024 02:55:00","MILLWD",61759,23.92,1.10,0.00
"11/10/2024 02:55:00","N.Y.C.",61761,24.04,1.21,0.00
"11/10/2024 02:55:00","NORTH",61755,23.19,0.36,0.00
"11/10/2024 02:55:00","NPX",61845,20.89,0.98,2.92
"11/10/2024 02:55:00","O H",61846,21.05,-1.78,0.00
"11/10/2024 02:55:00","PJM",61847,16.31,-0.25,6.27
"11/10/2024 02:55:00","WEST",61752,21.39,-1.44,0.00
"11/10/2024 03:00:00","CAPITL",61757,27.43,1.28,0.00
"11/10/2024 03:00:00","CENTRL",61754,25.55,-0.60,0.00
"11/10/2024 03:00:00","DUNWOD",61760,27.46,1.31,0.00
"11/10/2024 03:00:00","GENESE",61753,24.71,-1.44,0.00
"11/10/2024 03:00:00","H Q",61844,19.94,0.05,6.27
"11/10/2024 03:00:00","HUD VL",61758,27.30,1.15,0.00
"11/10/2024 03:00:00","LONGIL",61762,28.08,1.93,0.00
"11/10/2024 03:00:00","MHK VL",61756,26.83,0.68,0.00
"11/10/2024 03:00:00","MILLWD",61759,27.40,1.26,0.00
"11/10/2024 03:00:00","N.Y.C.",61761,27.51,1.36,0.00
"11/10/2024 03:00:00","NORTH",61755,26.57,0.42,0.00
"11/10/2024 03:00:00","NPX",61845,24.27,1.05,2.92
"11/10/2024 03:00:00","O H",61846,23.95,-2.20,0.00
"11/10/2024 03:00:00","PJM",61847,19.54,-0.34,6.27
"11/10/2024 03:00:00","WEST",61752,24.34,-1.80,0.00
"11/10/2024 03:05:00","CAPITL",61757,25.20,1.15,0.00
"11/10/2024 03:05:00","CENTRL",61754,23.49,-0.55,0.00
"11/10/2024 03:05:00","DUNWOD",61760,25.27,1.23,0.00
"11/10/2024 03:05:00","GENESE",61753,22.77,-1.28,0.00
"11/10/2024 03:05:00","H Q",61844,24.09,0.05,0.00
"11/10/2024 03:05:00","HUD VL",61758,25.13,1.08,0.00
"11/10/2024 03:05:00","LONGIL",61762,25.85,1.80,0.00
"11/10/2024 03:05:00","MHK VL",61756,24.67,0.62,0.00
"11/10/2024 03:05:00","MILLWD",61759,25.20,1.15,0.00
"11/10/2024 03:05:00","N.Y.C.",61761,25.32,1.27,0.00
"11/10/2024 03:05:00","NORTH",61755,24.45,0.41,0.00
"11/10/2024 03:05:00","NPX",61845,24.96,0.91,0.00
"11/10/2024 03:05:00","O H",61846,22.07,-1.97,0.00
"11/10/2024 03:05:00","PJM",61847,23.76,-0.29,0.00
"11/10/2024 03:05:00","WEST",61752,22.43,-1.61,0.00
"11/10/2024 03:10:00","CAPITL",61757,27.08,1.24,0.00
"11/10/2024 03:10:00","CENTRL",61754,25.29,-0.54,0.00
"11/10/2024 03:10:00","DUNWOD",61760,27.13,1.29,0.00
"11/10/2024 03:10:00","GENESE",61753,24.47,-1.37,0.00
"11/10/2024 03:10:00","H Q",61844,25.86,0.03,0.00
"11/10/2024 03:10:00","HUD VL",61758,27.00,1.16,0.00
"11/10/2024 03:10:00","LONGIL",61762,27.78,1.94,0.00
"11/10/2024 03:10:00","MHK VL",61756,26.56,0.72,0.00
"11/10/2024 03:10:00","MILLWD",61759,27.08,1.24,0.00
"11/10/2024 03:10:00","N.Y.C.",61761,27.18,1.34,0.00
"11/10/2024 03:10:00","NORTH",61755,26.23,0.39,0.00
"11/10/2024 03:10:00","NPX",61845,26.82,0.98,0.00
"11/10/2024 03:10:00","O H",61846,23.72,-2.12,0.00
"11/10/2024 03:10:00","PJM",61847,25.58,-0.26,0.00
"11/10/2024 03:10:00","WEST",61752,24.11,-1.73,0.00
"11/10/2024 03:15:00","CAPITL",61757,25.28,1.18,0.00
"11/10/2024 03:15:00","CENTRL",61754,23.54,-0.55,0.00
"11/10/2024 03:15:00","DUNWOD",61760,25.32,1.23,0.00
"11/10/2024 03:15:00","GENESE",61753,22.77,-1.33,0.00
"11/10/2024 03:15:00","H Q",61844,24.12,0.02,0.00
"11/10/2024 03:15:00","HUD VL",61758,25.21,1.11,0.00
"11/10/2024 03:15:00","LONGIL",61762,25.93,1.83,0.00
"11/10/2024 03:15:00","MHK VL",61756,24.75,0.65,0.00
"11/10/2024 03:15:00","MILLWD",61759,25.28,1.18,0.00
"11/10/2024 03:15:00","N.Y.C.",61761,25.37,1.28,0.00
"11/10/2024 03:15:00","NORTH",61755,24.46,0.36,0.00
"11/10/2024 03:15:00","NPX",61845,25.06,0.96,0.00
"11/10/2024 03:15:00","O H",61846,22.07,-2.02,0.00
"11/10/2024 03:15:00","PJM",61847,23.81,-0.29,0.00
"11/10/2024 03:15:00","WEST",61752,22.41,-1.69,0.00
"11/10/2024 03:20:00","CAPITL",61757,25.22,1.18,0.00
"11/10/2024 03:20:00","CENTRL",61754,23.44,-0.60,0.00
"11/10/2024 03:20:00","DUNWOD",61760,25.27,1.23,0.00
"11/10/2024 03:20:00","GENESE",61753,22.75,-1.30,0.00
"11/10/2024 03:20:00","H Q",61844,24.09,0.05,0.00
"11/10/2024 03:20:00","HUD VL",61758,25.13,1.08,0.00
"11/10/2024 03:20:00","LONGIL",61762,25.87,1.83,0.00
"11/10/2024 03:20:00","MHK VL",61756,24.67,0.62,0.00
"11/10/2024 03:20:00","MILLWD",61759,25.20,1.15,0.00
"11/10/2024 03:20:00","N.Y.C.",61761,25.32,1.27,0.00
"11/10/2024 03:20:00","NORTH",61755,24.40,0.36,0.00
"11/10/2024 03:20:00","NPX",61845,25.03,0.99,0.00
"11/10/2024 03:20:00","O H",61846,22.07,-1.97,0.00
"11/10/2024 03:20:00","PJM",61847,23.71,-0.34,0.00
"11/10/2024 03:20:00","WEST",61752,22.41,-1.64,0.00
"11/10/2024 03:25:00","CAPITL",61757,25.11,1.17,0.00
"11/10/2024 03:25:00","CENTRL",61754,23.34,-0.60,0.00
"11/10/2024 03:25:00","DUNWOD",61760,25.16,1.22,0.00
"11/10/2024 03:25:00","GENESE",61753,22.67,-1.27,0.00
"11/10/2024 03:25:00","H Q",61844,23.99,0.05,0.00
"11/10/2024 03:25:00","HUD VL",61758,25.02,1.08,0.00
"11/10/2024 03:25:00","LONGIL",61762,25.76,1.82,0.00
"11/10/2024 03:25:00","MHK VL",61756,24.56,0.62,0.00
"11/10/2024 03:25:00","MILLWD",61759,25.11,1.17,0.00
"11/10/2024 03:25:00","N.Y.C.",61761,25.20,1.27,0.00
"11/10/2024 03:25:00","NORTH",61755,24.30,0.36,0.00
"11/10/2024 03:25:00","NPX",61845,24.92,0.98,0.00
"11/10/2024 03:25:00","O H",61846,22.00,-1.94,0.00
"11/10/2024 03:25:00","PJM",61847,23.63,-0.31,0.00
"11/10/2024 03:25:00","WEST",61752,22.33,-1.60,0.00
"11/10/2024 03:30:00","CAPITL",61757,25.28,1.18,0.00
"11/10/2024 03:30:00","CENTRL",61754,23.54,-0.55,0.00
"11/10/2024 03:30:00","DUNWOD",61760,25.35,1.25,0.00
"11/10/2024 03:30:00","GENESE",61753,22.77,-1.33,0.00
"11/10/2024 03:30:00","H Q",61844,24.12,0.02,0.00
"11/10/2024 03:30:00","HUD VL",61758,25.21,1.11,0.00
"11/10/2024 03:30:00","LONGIL",61762,25.95,1.86,0.00
"11/10/2024 03:30:00","MHK VL",61756,24.75,0.65,0.00
"11/10/2024 03:30:00","MILLWD",61759,25.30,1.20,0.00
"11/10/2024 03:30:00","N.Y.C.",61761,25.40,1.30,0.00
"11/10/2024 03:30:00","NORTH",61755,24.43,0.34,0.00
"11/10/2024 03:30:00","NPX",61845,25.06,0.96,0.00
"11/10/2024 03:30:00","O H",61846,22.07,-2.02,0.00
"11/10/2024 03:30:00","PJM",61847,23.83,-0.26,0.00
"11/10/2024 03:30:00","WEST",61752,22.43,-1.66,0.00
"11/10/2024 03:35:00","CAPITL",61757,27.86,1.28,0.00
"11/10/2024 03:35:00","CENTRL",61754,26.00,-0.58,0.00
"11/10/2024 03:35:00","DUNWOD",61760,27.94,1.36,0.00
"11/10/2024 03:35:00","GENESE",61753,25.12,-1.46,0.00
"11/10/2024 03:35:00","H Q",61844,26.64,0.05,0.00
"11/10/2024 03:35:00","HUD VL",61758,27.78,1.20,0.00
"11/10/2024 03:35:00","LONGIL",61762,34.18,2.05,-5.55
"11/10/2024 03:35:00","MHK VL",61756,27.33,0.74,0.00
"11/10/2024 03:35:00","MILLWD",61759,27.89,1.30,0.00
"11/10/2024 03:35:00","N.Y.C.",61761,27.99,1.41,0.00
"11/10/2024 03:35:00","NORTH",61755,27.01,0.42,0.00
"11/10/2024 03:35:00","NPX",61845,27.57,0.98,0.00
"11/10/2024 03:35:00","O H",61846,24.32,-2.26,0.00
"11/10/2024 03:35:00","PJM",61847,26.29,-0.29,0.00
"11/10/2024 03:35:00","WEST",61752,24.72,-1.86,0.00
"11/10/2024 03:40:00","CAPITL",61757,27.55,1.26,0.00
"11/10/2024 03:40:00","CENTRL",61754,25.79,-0.50,0.00
"11/10/2024 03:40:00","DUNWOD",61760,27.60,1.31,0.00
"11/10/2024 03:40:00","GENESE",61753,24.87,-1.42,0.00
"11/10/2024 03:40:00","H Q",61844,26.32,0.03,0.00
"11/10/2024 03:40:00","HUD VL",61758,27.44,1.16,0.00
"11/10/2024 03:40:00","LONGIL",61762,34.15,1.97,-5.89
"11/10/2024 03:40:00","MHK VL",61756,27.02,0.74,0.00
"11/10/2024 03:40:00","MILLWD",61759,27.55,1.26,0.00
"11/10/2024 03:40:00","N.Y.C.",61761,27.66,1.37,0.00
"11/10/2024 03:40:00","NORTH",61755,26.68,0.39,0.00
"11/10/2024 03:40:00","NPX",61845,27.26,0.97,0.00
"11/10/2024 03:40:00","O H",61846,24.11,-2.18,0.00
"11/10/2024 03:40:00","PJM",61847,26.05,-0.24,0.00
"11/10/2024 03:40:00","WEST",61752,24.53,-1.76,0.00
"11/10/2024 03:45:00","CAPITL",61757,25.33,1.18,0.00
"11/10/2024 03:45:00","CENTRL",61754,23.64,-0.51,0.00
"11/10/2024 03:45:00","DUNWOD",61760,25.38,1.23,0.00
"11/10/2024 03:45:00","GENESE",61753,22.80,-1.35,0.00
"11/10/2024 03:45:00","H Q",61844,24.17,0.02,0.00
"11/10/2024 03:45:00","HUD VL",61758,25.24,1.09,0.00
"11/10/2024 03:45:00","LONGIL",61762,34.14,1.83,-8.16
"11/10/2024 03:45:00","MHK VL",61756,24.82,0.68,0.00
"11/10/2024 03:45:00","MILLWD",61759,25.31,1.16,0.00
"11/10/2024 03:45:00","N.Y.C.",61761,25.45,1.30,0.00
"11/10/2024 03:45:00","NORTH",61755,24.49,0.34,0.00
"11/10/2024 03:45:00","NPX",61845,25.12,0.97,0.00
"11/10/2024 03:45:00","O H",61846,22.07,-2.08,0.00
"11/10/2024 03:45:00","PJM",61847,23.86,-0.29,0.00
"11/10/2024 03:45:00","WEST",61752,22.44,-1.71,0.00
"11/10/2024 03:50:00","CAPITL",61757,25.11,1.20,0.00
"11/10/2024 03:50:00","CENTRL",61754,23.29,-0.62,0.00
"11/10/2024 03:50:00","DUNWOD",61760,25.16,1.24,0.00
"11/10/2024 03:50:00","GENESE",61753,22.58,-1.34,0.00
"11/10/2024 03:50:00","H Q",61844,23.94,0.02,0.00
"11/10/2024 03:50:00","HUD VL",61758,25.02,1.10,0.00
"11/10/2024 03:50:00","LONGIL",61762,34.14,1.84,-8.39
"11/10/2024 03:50:00","MHK VL",61756,24.54,0.62,0.00
"11/10/2024 03:50:00","MILLWD",61759,25.09,1.17,0.00
"11/10/2024 03:50:00","N.Y.C.",61761,25.25,1.34,0.00
"11/10/2024 03:50:00","NORTH",61755,24.27,0.36,0.00
"11/10/2024 03:50:00","NPX",61845,24.94,1.03,0.00
"11/10/2024 03:50:00","O H",61846,21.83,-2.08,0.00
"11/10/2024 03:50:00","PJM",61847,23.53,-0.38,0.00
"11/10/2024 03:50:00","WEST",61752,22.17,-1.74,0.00
"11/10/2024 03:55:00","CAPITL",61757,22.44,1.07,0.00
"11/10/2024 03:55:00","CENTRL",61754,20.81,-0.56,0.00
"11/10/2024 03:55:00","DUNWOD",61760,22.46,1.09,0.00
"11/10/2024 03:55:00","GENESE",61753,20.17,-1.20,0.00
"11/10/2024 03:55:00","H Q",61844,21.39,0.02,0.00
"11/10/2024 03:55:00","HUD VL",61758,22.35,0.98,0.00
"11/10/2024 03:55:00","LONGIL",61762,23.02,1.65,0.00
"11/10/2024 03:55:00","MHK VL",61756,21.93,0.55,0.00
"11/10/2024 03:55:00","MILLWD",61759,22.42,1.05,0.00
"11/10/2024 03:55:00","N.Y.C.",61761,22.54,1.17,0.00
"11/10/2024 03:55:00","NORTH",61755,21.69,0.32,0.00
"11/10/2024 03:55:00","NPX",61845,22.29,0.92,0.00
"11/10/2024 03:55:00","O H",61846,19.53,-1.84,0.00
"11/10/2024 03:55:00","PJM",61847,21.03,-0.34,0.00
"11/10/2024 03:55:00","WEST",61752,19.83,-1.54,0.00
"11/10/2024 04:00:00","CAPITL",61757,21.98,1.03,0.00
"11/10/2024 04:00:00","CENTRL",61754,20.45,-0.50,0.00
"11/10/2024 04:00:00","DUNWOD",61760,22.02,1.07,0.00
"11/10/2024 04:00:00","GENESE",61753,19.80,-1.15,0.00
"11/10/2024 04:00:00","H Q",61844,20.97,0.02,0.00
"11/10/2024 04:00:00","HUD VL",61758,21.90,0.94,0.00
"11/10/2024 04:00:00","LONGIL",61762,34.13,1.59,-11.59
"11/10/2024 04:00:00","MHK VL",61756,21.52,0.57,0.00
"11/10/2024 04:00:00","MILLWD",61759,21.98,1.03,0.00
"11/10/2024 04:00:00","N.Y.C.",61761,22.08,1.13,0.00
"11/10/2024 04:00:00","NORTH",61755,21.27,0.31,0.00
"11/10/2024 04:00:00","NPX",61845,21.79,0.84,0.00
"11/10/2024 04:00:00","O H",61846,19.17,-1.78,0.00
"11/10/2024 04:00:00","PJM",61847,20.66,-0.29,0.00
"11/10/2024 04:00:00","WEST",61752,19.49,-1.47,0.00
"11/10/2024 04:05:00","CAPITL",61757,21.96,1.01,0.00
"11/10/2024 04:05:00","CENTRL",61754,20.51,-0.44,0.00
"11/10/2024 04:05:00","DUNWOD",61760,22.02,1.07,0.00
"11/10/2024 04:05:00","GENESE",61753,19.82,-1.13,0.00
"11/10/2024 04:05:00","H Q",61844,20.97,0.02,0.00
"11/10/2024 04:05:00","HUD VL",61758,21.90,0.94,0.00
"11/10/2024 04:05:00","LONGIL",61762,34.13,1.59,-11.59
"11/10/2024 04:05:00","MHK VL",61756,21.52,0.57,0.00
"11/10/2024 04:05:00","MILLWD",61759,21.96,1.01,0.00
"11/10/2024 04:05:00","N.Y.C.",61761,22.08,1.13,0.00
"11/10/2024 04:05:00","NORTH",61755,21.25,0.29,0.00
"11/10/2024 04:05:00","NPX",61845,21.75,0.80,0.00
"11/10/2024 04:05:00","O H",61846,19.21,-1.74,0.00
"11/10/2024 04:05:00","PJM",61847,20.72,-0.23,0.00
"11/10/2024 04:05:00","WEST",61752,19.53,-1.43,0.00
"11/10/2024 04:10:00","CAPITL",61757,21.74,1.00,0.00
"11/10/2024 04:10:00","CENTRL",61754,20.29,-0.46,0.00
"11/10/2024 04:10:00","DUNWOD",61760,21.78,1.04,0.00
"11/10/2024 04:10:00","GENESE",61753,19.64,-1.10,0.00
"11/10/2024 04:10:00","H Q",61844,20.76,0.02,0.00
"11/10/2024 04:10:00","HUD VL",61758,21.68,0.93,0.00
"11/10/2024 04:10:00","LONGIL",61762,34.13,1.58,-11.81
"11/10/2024 04:10:00","MHK VL",61756,21.30,0.56,0.00
"11/10/2024 04:10:00","MILLWD",61759,21.74,1.00,0.00
"11/10/2024 04:10:00","N.Y.C.",61761,21.84,1.10,0.00
"11/10/2024 04:10:00","NORTH",61755,21.03,0.29,0.00
"11/10/2024 04:10:00","NPX",61845,21.53,0.79,0.00
"11/10/2024 04:10:00","O H",61846,19.06,-1.68,0.00
"11/10/2024 04:10:00","PJM",61847,20.49,-0.25,0.00
"11/10/2024 04:10:00","WEST",61752,19.37,-1.37,0.00
"11/10/2024 04:15:00","CAPITL",61757,21.79,1.00,0.00
"11/10/2024 04:15:00","CENTRL",61754,20.33,-0.46,0.00
"11/10/2024 04:15:00","DUNWOD",61760,21.81,1.02,0.00
"11/10/2024 04:15:00","GENESE",61753,19.67,-1.12,0.00
"11/10/2024 04:15:00","H Q",61844,20.83,0.04,0.00
"11/10/2024 04:15:00","HUD VL",61758,21.70,0.91,0.00
"11/10/2024 04:15:00","LONGIL",61762,34.13,1.56,-11.78
"11/10/2024 04:15:00","MHK VL",61756,21.33,0.54,0.00
"11/10/2024 04:15:00","MILLWD",61759,21.77,0.98,0.00
"11/10/2024 04:15:00","N.Y.C.",61761,21.89,1.10,0.00
"11/10/2024 04:15:00","NORTH",61755,21.10,0.31,0.00
"11/10/2024 04:15:00","NPX",61845,21.60,0.81,0.00
"11/10/2024 04:15:00","O H",61846,19.06,-1.73,0.00
"11/10/2024 04:15:00","PJM",61847,20.52,-0.27,0.00
"11/10/2024 04:15:00","WEST",61752,19.37,-1.41,0.00
"11/10/2024 04:20:00","CAPITL",61757,21.83,1.02,0.00
"11/10/2024 04:20:00","CENTRL",61754,20.33,-0.48,0.00
"11/10/2024 04:20:00","DUNWOD",61760,21.83,1.02,0.00
"11/10/2024 04:20:00","GENESE",61753,19.69,-1.12,0.00
"11/10/2024 04:20:00","H Q",61844,20.85,0.04,0.00
"11/10/2024 04:20:00","HUD VL",61758,21.73,0.91,0.00
"11/10/2024 04:20:00","LONGIL",61762,34.15,1.56,-11.78
"11/10/2024 04:20:00","MHK VL",61756,21.33,0.52,0.00
"11/10/2024 04:20:00","MILLWD",61759,21.79,0.98,0.00
"11/10/2024 04:20:00","N.Y.C.",61761,21.89,1.08,0.00
"11/10/2024 04:20:00","NORTH",61755,21.14,0.33,0.00
"11/10/2024 04:20:00","NPX",61845,21.62,0.81,0.00
"11/10/2024 04:20:00","O H",61846,19.06,-1.75,0.00
"11/10/2024 04:20:00","PJM",61847,20.52,-0.29,0.00
"11/10/2024 04:20:00","WEST",61752,19.35,-1.46,0.00
"11/10/2024 04:25:00","CAPITL",61757,21.92,1.02,0.00
"11/10/2024 04:25:00","CENTRL",61754,20.42,-0.48,0.00
"11/10/2024 04:25:00","DUNWOD",61760,21.92,1.02,0.00
"11/10/2024 04:25:00","GENESE",61753,19.75,-1.15,0.00
"11/10/2024 04:25:00","H Q",61844,20.94,0.04,0.00
"11/10/2024 04:25:00","HUD VL",61758,21.82,0.92,0.00
"11/10/2024 04:25:00","LONGIL",61762,34.13,1.57,-11.67
"11/10/2024 04:25:00","MHK VL",61756,21.42,0.52,0.00
"11/10/2024 04:25:00","MILLWD",61759,21.88,0.98,0.00
"11/10/2024 04:25:00","N.Y.C.",61761,21.98,1.09,0.00
"11/10/2024 04:25:00","NORTH",61755,21.23,0.33,0.00
"11/10/2024 04:25:00","NPX",61845,21.71,0.81,0.00
"11/10/2024 04:25:00","O H",61846,19.12,-1.78,0.00
"11/10/2024 04:25:00","PJM",61847,20.58,-0.31,0.00
"11/10/2024 04:25:00","WEST",61752,19.43,-1.46,0.00
"11/10/2024 04:30:00","CAPITL",61757,21.83,1.02,0.00
"11/10/2024 04:30:00","CENTRL",61754,20.33,-0.48,0.00
"11/10/2024 04:30:00","DUNWOD",61760,21.85,1.04,0.00
"11/10/2024 04:30:00","GENESE",61753,19.67,-1.14,0.00
"11/10/2024 04:30:00","H Q",61844,20.85,0.04,0.00
"11/10/2024 04:30:00","HUD VL",61758,21.75,0.94,0.00
"11/10/2024 04:30:00","LONGIL",61762,34.13,1.56,-11.76
"11/10/2024 04:30:00","MHK VL",61756,21.31,0.50,0.00
"11/10/2024 04:30:00","MILLWD",61759,21.81,1.00,0.00
"11/10/2024 04:30:00","N.Y.C.",61761,21.91,1.10,0.00
"11/10/2024 04:30:00","NORTH",61755,21.14,0.33,0.00
"11/10/2024 04:30:00","NPX",61845,21.64,0.83,0.00
"11/10/2024 04:30:00","O H",61846,19.06,-1.75,0.00
"11/10/2024 04:30:00","PJM",61847,20.52,-0.29,0.00
"11/10/2024 04:30:00","WEST",61752,19.35,-1.46,0.00
"11/10/2024 04:35:00","CAPITL",61757,21.80,1.02,0.00
"11/10/2024 04:35:00","CENTRL",61754,20.30,-0.48,0.00
"11/10/2024 04:35:00","DUNWOD",61760,21.78,1.00,0.00
"11/10/2024 04:35:00","GENESE",61753,19.66,-1.12,0.00
"11/10/2024 04:35:00","H Q",61844,20.82,0.04,0.00
"11/10/2024 04:35:00","HUD VL",61758,21.70,0.91,0.00
"11/10/2024 04:35:00","LONGIL",61762,34.13,1.54,-11.81
"11/10/2024 04:35:00","MHK VL",61756,21.28,0.50,0.00
"11/10/2024 04:35:00","MILLWD",61759,21.76,0.98,0.00
"11/10/2024 04:35:00","N.Y.C.",61761,21.84,1.06,0.00
"11/10/2024 04:35:00","NORTH",61755,21.13,0.35,0.00
"11/10/2024 04:35:00","NPX",61845,21.61,0.83,0.00
"11/10/2024 04:35:00","O H",61846,19.08,-1.70,0.00
"11/10/2024 04:35:00","PJM",61847,20.47,-0.31,0.00
"11/10/2024 04:35:00","WEST",61752,19.37,-1.41,0.00
"11/10/2024 04:40:00","CAPITL",61757,21.78,1.02,0.00
"11/10/2024 04:40:00","CENTRL",61754,20.29,-0.48,0.00
"11/10/2024 04:40:00","DUNWOD",61760,21.74,0.98,0.00
"11/10/2024 04:40:00","GENESE",61753,19.64,-1.12,0.00
"11/10/2024 04:40:00","H Q",61844,20.81,0.04,0.00
"11/10/2024 04:40:00","HUD VL",61758,21.66,0.89,0.00
"11/10/2024 04:40:00","LONGIL",61762,34.15,1.52,-11.87
"11/10/2024 04:40:00","MHK VL",61756,21.28,0.52,0.00
"11/10/2024 04:40:00","MILLWD",61759,21.72,0.96,0.00
"11/10/2024 04:40:00","N.Y.C.",61761,21.80,1.04,0.00
"11/10/2024 04:40:00","NORTH",61755,21.12,0.35,0.00
"11/10/2024 04:40:00","NPX",61845,21.60,0.83,0.00
"11/10/2024 04:40:00","O H",61846,19.04,-1.72,0.00
"11/10/2024 04:40:00","PJM",61847,20.45,-0.31,0.00
"11/10/2024 04:40:00","WEST",61752,19.33,-1.43,0.00
"11/10/2024 04:45:00","CAPITL",61757,21.78,1.02,0.00
"11/10/2024 04:45:00","CENTRL",61754,20.29,-0.48,0.00
"11/10/2024 04:45:00","DUNWOD",61760,21.76,1.00,0.00
"11/10/2024 04:45:00","GENESE",61753,19.64,-1.12,0.00
"11/10/2024 04:45:00","H Q",61844,20.81,0.04,0.00
"11/10/2024 04:45:00","HUD VL",61758,21.66,0.89,0.00
"11/10/2024 04:45:00","LONGIL",61762,34.15,1.54,-11.85
"11/10/2024 04:45:00","MHK VL",61756,21.30,0.54,0.00
"11/10/2024 04:45:00","MILLWD",61759,21.72,0.96,0.00
"11/10/2024 04:45:00","N.Y.C.",61761,21.82,1.06,0.00
"11/10/2024 04:45:00","NORTH",61755,21.12,0.35,0.00
"11/10/2024 04:45:00","NPX",61845,21.57,0.81,0.00
"11/10/2024 04:45:00","O H",61846,19.04,-1.72,0.00
"11/10/2024 04:45:00","PJM",61847,20.47,-0.29,0.00
"11/10/2024 04:45:00","WEST",61752,19.35,-1.41,0.00
"11/10/2024 04:50:00","CAPITL",61757,21.73,1.02,0.00
"11/10/2024 04:50:00","CENTRL",61754,20.24,-0.48,0.00
"11/10/2024 04:50:00","DUNWOD",61760,21.71,0.99,0.00
"11/10/2024 04:50:00","GENESE",61753,19.64,-1.08,0.00
"11/10/2024 04:50:00","H Q",61844,20.76,0.04,0.00
"11/10/2024 04:50:00","HUD VL",61758,21.61,0.89,0.00
"11/10/2024 04:50:00","LONGIL",61762,34.15,1.53,-11.90
"11/10/2024 04:50:00","MHK VL",61756,21.28,0.56,0.00
"11/10/2024 04:50:00","MILLWD",61759,21.67,0.95,0.00
"11/10/2024 04:50:00","N.Y.C.",61761,21.78,1.06,0.00
"11/10/2024 04:50:00","NORTH",61755,21.07,0.35,0.00
"11/10/2024 04:50:00","NPX",61845,21.53,0.81,0.00
"11/10/2024 04:50:00","O H",61846,19.06,-1.66,0.00
"11/10/2024 04:50:00","PJM",61847,20.43,-0.29,0.00
"11/10/2024 04:50:00","WEST",61752,19.33,-1.39,0.00
"11/10/2024 04:55:00","CAPITL",61757,22.08,1.03,0.00
"11/10/2024 04:55:00","CENTRL",61754,20.61,-0.44,0.00
"11/10/2024 04:55:00","DUNWOD",61760,22.04,0.99,0.00
"11/10/2024 04:55:00","GENESE",61753,20.04,-1.01,0.00
"11/10/2024 04:55:00","H Q",61844,21.09,0.04,0.00
"11/10/2024 04:55:00","HUD VL",61758,21.96,0.90,0.00
"11/10/2024 04:55:00","LONGIL",61762,34.15,1.54,-11.57
"11/10/2024 04:55:00","MHK VL",61756,21.64,0.59,0.00
"11/10/2024 04:55:00","MILLWD",61759,22.00,0.95,0.00
"11/10/2024 04:55:00","N.Y.C.",61761,22.08,1.03,0.00
"11/10/2024 04:55:00","NORTH",61755,21.39,0.34,0.00
"11/10/2024 04:55:00","NPX",61845,21.85,0.80,0.00
"11/10/2024 04:55:00","O H",61846,19.49,-1.56,0.00
"11/10/2024 04:55:00","PJM",61847,20.82,-0.23,0.00
"11/10/2024 04:55:00","WEST",61752,19.79,-1.26,0.00
"11/10/2024 05:00:00","CAPITL",61757,22.07,1.03,0.00
"11/10/2024 05:00:00","CENTRL",61754,20.70,-0.34,0.00
"11/10/2024 05:00:00","DUNWOD",61760,21.99,0.95,0.00
"11/10/2024 05:00:00","GENESE",61753,20.22,-0.82,0.00
"11/10/2024 05:00:00","H Q",61844,21.06,0.02,0.00
"11/10/2024 05:00:00","HUD VL",61758,21.92,0.88,0.00
"11/10/2024 05:00:00","LONGIL",61762,22.47,1.43,0.00
"11/10/2024 05:00:00","MHK VL",61756,21.65,0.61,0.00
"11/10/2024 05:00:00","MILLWD",61759,21.96,0.92,0.00
"11/10/2024 05:00:00","N.Y.C.",61761,22.05,1.01,0.00
"11/10/2024 05:00:00","NORTH",61755,21.33,0.29,0.00
"11/10/2024 05:00:00","NPX",61845,21.84,0.80,0.00
"11/10/2024 05:00:00","O H",61846,19.78,-1.26,0.00
"11/10/2024 05:00:00","PJM",61847,20.93,-0.10,0.00
"11/10/2024 05:00:00","WEST",61752,20.09,-0.95,0.00
"11/10/2024 05:05:00","CAPITL",61757,27.04,1.29,0.00
"11/10/2024 05:05:00","CENTRL",61754,25.34,-0.41,0.00
"11/10/2024 05:05:00","DUNWOD",61760,26.96,1.21,0.00
"11/10/2024 05:05:00","GENESE",61753,24.65,-1.11,0.00
"11/10/2024 05:05:00","H Q",61844,25.78,0.03,0.00
"11/10/2024 05:05:00","HUD VL",61758,26.86,1.11,0.00
"11/10/2024 05:05:00","LONGIL",61762,27.45,1.70,0.00
"11/10/2024 05:05:00","MHK VL",61756,26.47,0.72,0.00
"11/10/2024 05:05:00","MILLWD",61759,26.91,1.16,0.00
"11/10/2024 05:05:00","N.Y.C.",61761,27.01,1.26,0.00
"11/10/2024 05:05:00","NORTH",61755,26.11,0.36,0.00
"11/10/2024 05:05:00","NPX",61845,26.78,1.03,0.00
"11/10/2024 05:05:00","O H",61846,24.05,-1.70,0.00
"11/10/2024 05:05:00","PJM",61847,25.62,-0.13,0.00
"11/10/2024 05:05:00","WEST",61752,24.44,-1.31,0.00
"11/10/2024 05:10:00","CAPITL",61757,27.21,1.30,0.00
"11/10/2024 05:10:00","CENTRL",61754,25.40,-0.52,0.00
"11/10/2024 05:10:00","DUNWOD",61760,27.16,1.24,0.00
"11/10/2024 05:10:00","GENESE",61753,24.73,-1.19,0.00
"11/10/2024 05:10:00","H Q",61844,25.97,0.05,0.00
"11/10/2024 05:10:00","HUD VL",61758,27.06,1.14,0.00
"11/10/2024 05:10:00","LONGIL",61762,27.68,1.76,0.00
"11/10/2024 05:10:00","MHK VL",61756,26.62,0.70,0.00
"11/10/2024 05:10:00","MILLWD",61759,27.11,1.19,0.00
"11/10/2024 05:10:00","N.Y.C.",61761,27.21,1.30,0.00
"11/10/2024 05:10:00","NORTH",61755,26.33,0.41,0.00
"11/10/2024 05:10:00","NPX",61845,26.96,1.04,0.00
"11/10/2024 05:10:00","O H",61846,24.05,-1.87,0.00
"11/10/2024 05:10:00","PJM",61847,25.68,-0.23,0.00
"11/10/2024 05:10:00","WEST",61752,24.44,-1.48,0.00
"11/10/2024 05:15:00","CAPITL",61757,27.18,1.29,0.00
"11/10/2024 05:15:00","CENTRL",61754,25.40,-0.49,0.00
"11/10/2024 05:15:00","DUNWOD",61760,27.13,1.24,0.00
"11/10/2024 05:15:00","GENESE",61753,24.70,-1.19,0.00
"11/10/2024 05:15:00","H Q",61844,25.91,0.03,0.00
"11/10/2024 05:15:00","HUD VL",61758,27.03,1.14,0.00
"11/10/2024 05:15:00","LONGIL",61762,27.65,1.76,0.00
"11/10/2024 05:15:00","MHK VL",61756,26.59,0.70,0.00
"11/10/2024 05:15:00","MILLWD",61759,27.08,1.19,0.00
"11/10/2024 05:15:00","N.Y.C.",61761,27.18,1.29,0.00
"11/10/2024 05:15:00","NORTH",61755,26.28,0.39,0.00
"11/10/2024 05:15:00","NPX",61845,26.93,1.04,0.00
"11/10/2024 05:15:00","O H",61846,24.05,-1.84,0.00
"11/10/2024 05:15:00","PJM",61847,25.66,-0.23,0.00
"11/10/2024 05:15:00","WEST",61752,24.41,-1.47,0.00
"11/10/2024 05:20:00","CAPITL",61757,27.27,1.30,0.00
"11/10/2024 05:20:00","CENTRL",61754,25.48,-0.49,0.00
"11/10/2024 05:20:00","DUNWOD",61760,27.20,1.22,0.00
"11/10/2024 05:20:00","GENESE",61753,24.73,-1.25,0.00
"11/10/2024 05:20:00","H Q",61844,26.03,0.05,0.00
"11/10/2024 05:20:00","HUD VL",61758,27.09,1.12,0.00
"11/10/2024 05:20:00","LONGIL",61762,27.74,1.77,0.00
"11/10/2024 05:20:00","MHK VL",61756,26.70,0.73,0.00
"11/10/2024 05:20:00","MILLWD",61759,27.17,1.20,0.00
"11/10/2024 05:20:00","N.Y.C.",61761,27.27,1.30,0.00
"11/10/2024 05:20:00","NORTH",61755,26.37,0.39,0.00
"11/10/2024 05:20:00","NPX",61845,26.99,1.01,0.00
"11/10/2024 05:20:00","O H",61846,24.05,-1.92,0.00
"11/10/2024 05:20:00","PJM",61847,25.74,-0.23,0.00
"11/10/2024 05:20:00","WEST",61752,24.44,-1.53,0.00
"11/10/2024 05:25:00","CAPITL",61757,27.24,1.30,0.00
"11/10/2024 05:25:00","CENTRL",61754,25.43,-0.52,0.00
"11/10/2024 05:25:00","DUNWOD",61760,27.19,1.25,0.00
"11/10/2024 05:25:00","GENESE",61753,24.73,-1.22,0.00
"11/10/2024 05:25:00","H Q",61844,26.00,0.05,0.00
"11/10/2024 05:25:00","HUD VL",61758,27.09,1.14,0.00
"11/10/2024 05:25:00","LONGIL",61762,27.71,1.77,0.00
"11/10/2024 05:25:00","MHK VL",61756,26.65,0.70,0.00
"11/10/2024 05:25:00","MILLWD",61759,27.14,1.19,0.00
"11/10/2024 05:25:00","N.Y.C.",61761,27.24,1.30,0.00
"11/10/2024 05:25:00","NORTH",61755,26.34,0.39,0.00
"11/10/2024 05:25:00","NPX",61845,26.96,1.01,0.00
"11/10/2024 05:25:00","O H",61846,24.05,-1.89,0.00
"11/10/2024 05:25:00","PJM",61847,25.69,-0.26,0.00
"11/10/2024 05:25:00","WEST",61752,24.42,-1.53,0.00
"11/10/2024 05:30:00","CAPITL",61757,27.22,1.27,0.00
"11/10/2024 05:30:00","CENTRL",61754,25.43,-0.52,0.00
"11/10/2024 05:30:00","DUNWOD",61760,27.17,1.22,0.00
"11/10/2024 05:30:00","GENESE",61753,24.73,-1.22,0.00
"11/10/2024 05:30:00","H Q",61844,26.00,0.05,0.00
"11/10/2024 05:30:00","HUD VL",61758,27.06,1.11,0.00
"11/10/2024 05:30:00","LONGIL",61762,27.69,1.74,0.00
"11/10/2024 05:30:00","MHK VL",61756,26.65,0.70,0.00
"11/10/2024 05:30:00","MILLWD",61759,27.14,1.19,0.00
"11/10/2024 05:30:00","N.Y.C.",61761,27.24,1.30,0.00
"11/10/2024 05:30:00","NORTH",61755,26.34,0.39,0.00
"11/10/2024 05:30:00","NPX",61845,26.96,1.01,0.00
"11/10/2024 05:30:00","O H",61846,24.05,-1.89,0.00
"11/10/2024 05:30:00","PJM",61847,25.69,-0.26,0.00
"11/10/2024 05:30:00","WEST",61752,24.42,-1.53,0.00
"11/10/2024 05:35:00","CAPITL",61757,27.16,1.27,0.00
"11/10/2024 05:35:00","CENTRL",61754,25.34,-0.54,0.00
"11/10/2024 05:35:00","DUNWOD",61760,27.13,1.24,0.00
"11/10/2024 05:35:00","GENESE",61753,24.70,-1.19,0.00
"11/10/2024 05:35:00","H Q",61844,25.94,0.05,0.00
"11/10/2024 05:35:00","HUD VL",61758,27.03,1.14,0.00
"11/10/2024 05:35:00","LONGIL",61762,27.60,1.71,0.00
"11/10/2024 05:35:00","MHK VL",61756,26.59,0.70,0.00
"11/10/2024 05:35:00","MILLWD",61759,27.08,1.19,0.00
"11/10/2024 05:35:00","N.Y.C.",61761,27.18,1.29,0.00
"11/10/2024 05:35:00","NORTH",61755,26.25,0.36,0.00
"11/10/2024 05:35:00","NPX",61845,26.93,1.04,0.00
"11/10/2024 05:35:00","O H",61846,24.05,-1.84,0.00
"11/10/2024 05:35:00","PJM",61847,25.60,-0.28,0.00
"11/10/2024 05:35:00","WEST",61752,24.39,-1.50,0.00
"11/10/2024 05:40:00","CAPITL",61757,30.70,1.43,0.00
"11/10/2024 05:40:00","CENTRL",61754,28.63,-0.64,0.00
"11/10/2024 05:40:00","DUNWOD",61760,30.67,1.40,0.00
"11/10/2024 05:40:00","GENESE",61753,27.87,-1.40,0.00
"11/10/2024 05:40:00","H Q",61844,29.33,0.06,0.00
"11/10/2024 05:40:00","HUD VL",61758,30.56,1.29,0.00
"11/10/2024 05:40:00","LONGIL",61762,31.26,1.99,0.00
"11/10/2024 05:40:00","MHK VL",61756,30.06,0.79,0.00
"11/10/2024 05:40:00","MILLWD",61759,30.62,1.35,0.00
"11/10/2024 05:40:00","N.Y.C.",61761,30.76,1.49,0.00
"11/10/2024 05:40:00","NORTH",61755,29.71,0.44,0.00
"11/10/2024 05:40:00","NPX",61845,30.44,1.17,0.00
"11/10/2024 05:40:00","O H",61846,27.10,-2.17,0.00
"11/10/2024 05:40:00","PJM",61847,28.92,-0.35,0.00
"11/10/2024 05:40:00","WEST",61752,27.48,-1.79,0.00
"11/10/2024 05:45:00","CAPITL",61757,36.60,1.74,0.00
"11/10/2024 05:45:00","CENTRL",61754,34.09,-0.77,0.00
"11/10/2024 05:45:00","DUNWOD",61760,36.53,1.67,0.00
"11/10/2024 05:45:00","GENESE",61753,33.08,-1.78,0.00
"11/10/2024 05:45:00","H Q",61844,34.93,0.07,0.00
"11/10/2024 05:45:00","HUD VL",61758,36.39,1.53,0.00
"11/10/2024 05:45:00","LONGIL",61762,37.12,2.26,0.00
"11/10/2024 05:45:00","MHK VL",61756,35.76,0.90,0.00
"11/10/2024 05:45:00","MILLWD",61759,36.46,1.60,0.00
"11/10/2024 05:45:00","N.Y.C.",61761,36.60,1.74,0.00
"11/10/2024 05:45:00","NORTH",61755,35.41,0.56,0.00
"11/10/2024 05:45:00","NPX",61845,36.25,1.40,0.00
"11/10/2024 05:45:00","O H",61846,32.10,-2.75,0.00
"11/10/2024 05:45:00","PJM",61847,34.44,-0.42,0.00
"11/10/2024 05:45:00","WEST",61752,32.59,-2.27,0.00
"11/10/2024 05:50:00","CAPITL",61757,43.61,2.08,0.00
"11/10/2024 05:50:00","CENTRL",61754,40.70,-0.83,0.00
"11/10/2024 05:50:00","DUNWOD",61760,43.48,1.95,0.00
"11/10/2024 05:50:00","GENESE",61753,39.33,-2.20,0.00
"11/10/2024 05:50:00","H Q",61844,42.01,0.08,-0.39
"11/10/2024 05:50:00","HUD VL",61758,43.31,1.78,0.00
"11/10/2024 05:50:00","LONGIL",61762,44.11,2.58,0.00
"11/10/2024 05:50:00","MHK VL",61756,42.61,1.08,0.00
"11/10/2024 05:50:00","MILLWD",61759,43.44,1.91,0.00
"11/10/2024 05:50:00","N.Y.C.",61761,43.61,2.08,0.00
"11/10/2024 05:50:00","NORTH",61755,42.19,0.66,0.00
"11/10/2024 05:50:00","NPX",61845,43.63,1.70,-0.39
"11/10/2024 05:50:00","O H",61846,38.13,-3.40,0.00
"11/10/2024 05:50:00","PJM",61847,41.47,-0.46,-0.39
"11/10/2024 05:50:00","WEST",61752,38.79,-2.74,0.00
"11/10/2024 05:55:00","CAPITL",61757,51.31,2.44,0.00
"11/10/2024 05:55:00","CENTRL",61754,47.89,-0.98,0.00
"11/10/2024 05:55:00","DUNWOD",61760,51.17,2.30,0.00
"11/10/2024 05:55:00","GENESE",61753,46.33,-2.54,0.00
"11/10/2024 05:55:00","H Q",61844,49.36,0.10,-0.39
"11/10/2024 05:55:00","HUD VL",61758,50.97,2.10,0.00
"11/10/2024 05:55:00","LONGIL",61762,51.80,2.93,0.00
"11/10/2024 05:55:00","MHK VL",61756,50.14,1.27,0.00
"11/10/2024 05:55:00","MILLWD",61759,51.12,2.25,0.00
"11/10/2024 05:55:00","N.Y.C.",61761,51.31,2.44,0.00
"11/10/2024 05:55:00","NORTH",61755,49.65,0.78,0.00
"11/10/2024 05:55:00","NPX",61845,51.27,2.00,-0.39
"11/10/2024 05:55:00","O H",61846,44.96,-3.91,0.00
"11/10/2024 05:55:00","PJM",61847,48.78,-0.49,-0.39
"11/10/2024 05:55:00","WEST",61752,45.70,-3.18,0.00
"11/10/2024 06:00:00","CAPITL",61757,29.57,1.41,0.00
"11/10/2024 06:00:00","CENTRL",61754,27.62,-0.54,0.00
"11/10/2024 06:00:00","DUNWOD",61760,29.46,1.30,0.00
"11/10/2024 06:00:00","GENESE",61753,26.92,-1.24,0.00
"11/10/2024 06:00:00","H Q",61844,28.58,0.03,-0.39
"11/10/2024 06:00:00","HUD VL",61758,29.37,1.21,0.00
"11/10/2024 06:00:00","LONGIL",61762,29.79,1.63,0.00
"11/10/2024 06:00:00","MHK VL",61756,28.89,0.73,0.00
"11/10/2024 06:00:00","MILLWD",61759,29.43,1.27,0.00
"11/10/2024 06:00:00","N.Y.C.",61761,29.51,1.35,0.00
"11/10/2024 06:00:00","NORTH",61755,28.58,0.42,0.00
"11/10/2024 06:00:00","NPX",61845,29.71,1.15,-0.39
"11/10/2024 06:00:00","O H",61846,26.24,-1.92,0.00
"11/10/2024 06:00:00","PJM",61847,28.33,-0.23,-0.39
"11/10/2024 06:00:00","WEST",61752,26.64,-1.52,0.00
"11/10/2024 06:05:00","CAPITL",61757,31.64,1.53,0.00
"11/10/2024 06:05:00","CENTRL",61754,29.51,-0.60,0.00
"11/10/2024 06:05:00","DUNWOD",61760,31.52,1.42,0.00
"11/10/2024 06:05:00","GENESE",61753,28.81,-1.29,0.00
"11/10/2024 06:05:00","H Q",61844,30.14,0.03,0.00
"11/10/2024 06:05:00","HUD VL",61758,31.43,1.32,0.00
"11/10/2024 06:05:00","LONGIL",61762,31.82,1.72,0.00
"11/10/2024 06:05:00","MHK VL",61756,30.86,0.75,0.00
"11/10/2024 06:05:00","MILLWD",61759,31.49,1.39,0.00
"11/10/2024 06:05:00","N.Y.C.",61761,31.55,1.45,0.00
"11/10/2024 06:05:00","NORTH",61755,30.53,0.42,0.00
"11/10/2024 06:05:00","NPX",61845,37.38,1.26,-6.01
"11/10/2024 06:05:00","O H",61846,28.06,-2.05,0.00
"11/10/2024 06:05:00","PJM",61847,29.84,-0.27,0.00
"11/10/2024 06:05:00","WEST",61752,28.51,-1.60,0.00
"11/10/2024 06:10:00","CAPITL",61757,33.57,1.63,0.00
"11/10/2024 06:10:00","CENTRL",61754,31.34,-0.61,0.00
"11/10/2024 06:10:00","DUNWOD",61760,33.38,1.44,0.00
"11/10/2024 06:10:00","GENESE",61753,30.57,-1.37,0.00
"11/10/2024 06:10:00","H Q",61844,32.01,0.06,0.00
"11/10/2024 06:10:00","HUD VL",61758,33.28,1.34,0.00
"11/10/2024 06:10:00","LONGIL",61762,33.73,1.79,0.00
"11/10/2024 06:10:00","MHK VL",61756,32.77,0.83,0.00
"11/10/2024 06:10:00","MILLWD",61759,33.35,1.40,0.00
"11/10/2024 06:10:00","N.Y.C.",61761,33.45,1.50,0.00
"11/10/2024 06:10:00","NORTH",61755,32.45,0.51,0.00
"11/10/2024 06:10:00","NPX",61845,39.30,1.34,-6.01
"11/10/2024 06:10:00","O H",61846,29.74,-2.20,0.00
"11/10/2024 06:10:00","PJM",61847,31.62,-0.32,0.00
"11/10/2024 06:10:00","WEST",61752,30.22,-1.73,0.00
"11/10/2024 06:15:00","CAPITL",61757,35.40,1.72,0.00
"11/10/2024 06:15:00","CENTRL",61754,33.08,-0.61,0.00
"11/10/2024 06:15:00","DUNWOD",61760,35.16,1.48,0.00
"11/10/2024 06:15:00","GENESE",61753,32.20,-1.48,0.00
"11/10/2024 06:15:00","H Q",61844,33.75,0.07,0.00
"11/10/2024 06:15:00","HUD VL",61758,35.06,1.38,0.00
"11/10/2024 06:15:00","LONGIL",61762,35.43,1.75,0.00
"11/10/2024 06:15:00","MHK VL",61756,34.56,0.87,0.00
"11/10/2024 06:15:00","MILLWD",61759,35.13,1.45,0.00
"11/10/2024 06:15:00","N.Y.C.",61761,35.20,1.52,0.00
"11/10/2024 06:15:00","NORTH",61755,34.22,0.54,0.00
"11/10/2024 06:15:00","NPX",61845,41.07,1.38,-6.01
"11/10/2024 06:15:00","O H",61846,31.36,-2.32,0.00
"11/10/2024 06:15:00","PJM",61847,33.34,-0.34,0.00
"11/10/2024 06:15:00","WEST",61752,31.89,-1.79,0.00
"11/10/2024 06:20:00","CAPITL",61757,36.36,1.76,0.00
"11/10/2024 06:20:00","CENTRL",61754,33.90,-0.69,0.00
"11/10/2024 06:20:00","DUNWOD",61760,36.19,1.59,0.00
"11/10/2024 06:20:00","GENESE",61753,33.00,-1.59,0.00
"11/10/2024 06:20:00","H Q",61844,34.66,0.07,0.00
"11/10/2024 06:20:00","HUD VL",61758,36.08,1.49,0.00
"11/10/2024 06:20:00","LONGIL",61762,36.39,1.80,0.00
"11/10/2024 06:20:00","MHK VL",61756,35.46,0.87,0.00
"11/10/2024 06:20:00","MILLWD",61759,36.12,1.52,0.00
"11/10/2024 06:20:00","N.Y.C.",61761,36.26,1.66,0.00
"11/10/2024 06:20:00","NORTH",61755,35.15,0.55,0.00
"11/10/2024 06:20:00","NPX",61845,42.21,1.42,-6.19
"11/10/2024 06:20:00","O H",61846,32.07,-2.52,0.00
"11/10/2024 06:20:00","PJM",61847,34.18,-0.41,0.00
"11/10/2024 06:20:00","WEST",61752,32.59,-2.01,0.00
"11/10/2024 06:25:00","CAPITL",61757,34.60,1.68,0.00
"11/10/2024 06:25:00","CENTRL",61754,32.29,-0.63,0.00
"11/10/2024 06:25:00","DUNWOD",61760,34.40,1.48,0.00
"11/10/2024 06:25:00","GENESE",61753,31.47,-1.45,0.00
"11/10/2024 06:25:00","H Q",61844,32.95,0.03,0.00
"11/10/2024 06:25:00","HUD VL",61758,34.33,1.41,0.00
"11/10/2024 06:25:00","LONGIL",61762,34.53,1.61,0.00
"11/10/2024 06:25:00","MHK VL",61756,33.74,0.82,0.00
"11/10/2024 06:25:00","MILLWD",61759,34.37,1.45,0.00
"11/10/2024 06:25:00","N.Y.C.",61761,34.50,1.58,0.00
"11/10/2024 06:25:00","NORTH",61755,33.41,0.49,0.00
"11/10/2024 06:25:00","NPX",61845,40.46,1.35,-6.19
"11/10/2024 06:25:00","O H",61846,30.61,-2.31,0.00
"11/10/2024 06:25:00","PJM",61847,32.53,-0.39,0.00
"11/10/2024 06:25:00","WEST",61752,31.11,-1.81,0.00
"11/10/2024 06:30:00","CAPITL",61757,34.93,1.69,0.00
"11/10/2024 06:30:00","CENTRL",61754,32.60,-0.63,0.00
"11/10/2024 06:30:00","DUNWOD",61760,34.77,1.53,0.00
"11/10/2024 06:30:00","GENESE",61753,31.74,-1.50,0.00
"11/10/2024 06:30:00","H Q",61844,33.30,0.07,0.00
"11/10/2024 06:30:00","HUD VL",61758,34.67,1.43,0.00
"11/10/2024 06:30:00","LONGIL",61762,34.90,1.66,0.00
"11/10/2024 06:30:00","MHK VL",61756,34.03,0.80,0.00
"11/10/2024 06:30:00","MILLWD",61759,34.73,1.50,0.00
"11/10/2024 06:30:00","N.Y.C.",61761,34.83,1.60,0.00
"11/10/2024 06:30:00","NORTH",61755,33.74,0.50,0.00
"11/10/2024 06:30:00","NPX",61845,40.79,1.36,-6.19
"11/10/2024 06:30:00","O H",61846,30.84,-2.39,0.00
"11/10/2024 06:30:00","PJM",61847,32.84,-0.40,0.00
"11/10/2024 06:30:00","WEST",61752,31.38,-1.86,0.00
"11/10/2024 06:35:00","CAPITL",61757,36.40,1.77,0.00
"11/10/2024 06:35:00","CENTRL",61754,33.94,-0.69,0.00
"11/10/2024 06:35:00","DUNWOD",61760,36.23,1.59,0.00
"11/10/2024 06:35:00","GENESE",61753,33.04,-1.59,0.00
"11/10/2024 06:35:00","H Q",61844,34.70,0.07,0.00
"11/10/2024 06:35:00","HUD VL",61758,36.16,1.52,0.00
"11/10/2024 06:35:00","LONGIL",61762,36.40,1.77,0.00
"11/10/2024 06:35:00","MHK VL",61756,35.43,0.80,0.00
"11/10/2024 06:35:00","MILLWD",61759,36.19,1.56,0.00
"11/10/2024 06:35:00","N.Y.C.",61761,36.33,1.70,0.00
"11/10/2024 06:35:00","NORTH",61755,35.15,0.52,0.00
"11/10/2024 06:35:00","NPX",61845,42.20,1.45,-6.11
"11/10/2024 06:35:00","O H",61846,32.07,-2.56,0.00
"11/10/2024 06:35:00","PJM",61847,34.18,-0.45,0.00
"11/10/2024 06:35:00","WEST",61752,32.62,-2.01,0.00
"11/10/2024 06:40:00","CAPITL",61757,35.18,1.74,0.00
"11/10/2024 06:40:00","CENTRL",61754,32.78,-0.67,0.00
"11/10/2024 06:40:00","DUNWOD",61760,35.02,1.57,0.00
"11/10/2024 06:40:00","GENESE",61753,31.87,-1.57,0.00
"11/10/2024 06:40:00","H Q",61844,33.51,0.07,0.00
"11/10/2024 06:40:00","HUD VL",61758,34.91,1.47,0.00
"11/10/2024 06:40:00","LONGIL",61762,35.22,1.77,0.00
"11/10/2024 06:40:00","MHK VL",61756,34.15,0.70,0.00
"11/10/2024 06:40:00","MILLWD",61759,34.98,1.54,0.00
"11/10/2024 06:40:00","N.Y.C.",61761,35.08,1.64,0.00
"11/10/2024 06:40:00","NORTH",61755,33.98,0.53,0.00
"11/10/2024 06:40:00","NPX",61845,40.96,1.40,-6.11
"11/10/2024 06:40:00","O H",61846,30.97,-2.47,0.00
"11/10/2024 06:40:00","PJM",61847,33.01,-0.44,0.00
"11/10/2024 06:40:00","WEST",61752,31.47,-1.97,0.00
"11/10/2024 06:45:00","CAPITL",61757,31.88,1.57,0.00
"11/10/2024 06:45:00","CENTRL",61754,29.70,-0.61,0.00
"11/10/2024 06:45:00","DUNWOD",61760,31.73,1.42,0.00
"11/10/2024 06:45:00","GENESE",61753,28.88,-1.42,0.00
"11/10/2024 06:45:00","H Q",61844,30.37,0.06,0.00
"11/10/2024 06:45:00","HUD VL",61758,31.64,1.33,0.00
"11/10/2024 06:45:00","LONGIL",61762,32.00,1.70,0.00
"11/10/2024 06:45:00","MHK VL",61756,30.94,0.64,0.00
"11/10/2024 06:45:00","MILLWD",61759,31.70,1.39,0.00
"11/10/2024 06:45:00","N.Y.C.",61761,31.82,1.51,0.00
"11/10/2024 06:45:00","NORTH",61755,30.79,0.48,0.00
"11/10/2024 06:45:00","NPX",61845,37.68,1.27,-6.11
"11/10/2024 06:45:00","O H",61846,28.06,-2.24,0.00
"11/10/2024 06:45:00","PJM",61847,29.91,-0.39,0.00
"11/10/2024 06:45:00","WEST",61752,28.52,-1.79,0.00
"11/10/2024 06:50:00","CAPITL",61757,27.10,1.34,0.00
"11/10/2024 06:50:00","CENTRL",61754,25.22,-0.54,0.00
"11/10/2024 06:50:00","DUNWOD",61760,27.00,1.24,0.00
"11/10/2024 06:50:00","GENESE",61753,24.53,-1.24,0.00
"11/10/2024 06:50:00","H Q",61844,25.82,0.05,0.00
"11/10/2024 06:50:00","HUD VL",61758,26.92,1.16,0.00
"11/10/2024 06:50:00","LONGIL",61762,27.21,1.44,0.00
"11/10/2024 06:50:00","MHK VL",61756,26.31,0.54,0.00
"11/10/2024 06:50:00","MILLWD",61759,26.97,1.21,0.00
"11/10/2024 06:50:00","N.Y.C.",61761,27.10,1.34,0.00
"11/10/2024 06:50:00","NORTH",61755,26.15,0.39,0.00
"11/10/2024 06:50:00","NPX",61845,32.92,1.11,-6.05
"11/10/2024 06:50:00","O H",61846,23.80,-1.96,0.00
"11/10/2024 06:50:00","PJM",61847,25.40,-0.36,0.00
"11/10/2024 06:50:00","WEST",61752,24.19,-1.57,0.00
"11/10/2024 06:55:00","CAPITL",61757,27.15,1.34,0.00
"11/10/2024 06:55:00","CENTRL",61754,25.27,-0.54,0.00
"11/10/2024 06:55:00","DUNWOD",61760,27.03,1.21,0.00
"11/10/2024 06:55:00","GENESE",61753,24.68,-1.14,0.00
"11/10/2024 06:55:00","H Q",61844,25.86,0.05,0.00
"11/10/2024 06:55:00","HUD VL",61758,26.95,1.13,0.00
"11/10/2024 06:55:00","LONGIL",61762,27.15,1.34,0.00
"11/10/2024 06:55:00","MHK VL",61756,26.33,0.52,0.00
"11/10/2024 06:55:00","MILLWD",61759,27.00,1.19,0.00
"11/10/2024 06:55:00","N.Y.C.",61761,27.13,1.32,0.00
"11/10/2024 06:55:00","NORTH",61755,26.22,0.41,0.00
"11/10/2024 06:55:00","NPX",61845,32.95,1.08,-6.05
"11/10/2024 06:55:00","O H",61846,24.00,-1.81,0.00
"11/10/2024 06:55:00","PJM",61847,25.48,-0.34,0.00
"11/10/2024 06:55:00","WEST",61752,24.39,-1.42,0.00
"11/10/2024 07:00:00","CAPITL",61757,28.58,1.39,0.00
"11/10/2024 07:00:00","CENTRL",61754,26.67,-0.52,0.00
"11/10/2024 07:00:00","DUNWOD",61760,28.42,1.22,0.00
"11/10/2024 07:00:00","GENESE",61753,25.97,-1.22,0.00
"11/10/2024 07:00:00","H Q",61844,27.25,0.05,0.00
"11/10/2024 07:00:00","HUD VL",61758,28.33,1.14,0.00
"11/10/2024 07:00:00","LONGIL",61762,28.60,1.41,0.00
"11/10/2024 07:00:00","MHK VL",61756,27.76,0.57,0.00
"11/10/2024 07:00:00","MILLWD",61759,28.39,1.20,0.00
"11/10/2024 07:00:00","N.Y.C.",61761,28.50,1.31,0.00
"11/10/2024 07:00:00","NORTH",61755,27.63,0.43,0.00
"11/10/2024 07:00:00","NPX",61845,34.39,1.14,-6.05
"11/10/2024 07:00:00","O H",61846,25.26,-1.93,0.00
"11/10/2024 07:00:00","PJM",61847,26.87,-0.33,0.00
"11/10/2024 07:00:00","WEST",61752,25.67,-1.52,0.00
"11/10/2024 07:05:00","CAPITL",61757,68.24,3.31,0.00
"11/10/2024 07:05:00","CENTRL",61754,63.83,-1.10,0.00
"11/10/2024 07:05:00","DUNWOD",61760,67.86,2.92,0.00
"11/10/2024 07:05:00","GENESE",61753,62.01,-2.92,0.00
"11/10/2024 07:05:00","H Q",61844,65.06,0.13,0.00
"11/10/2024 07:05:00","HUD VL",61758,67.66,2.73,0.00
"11/10/2024 07:05:00","LONGIL",61762,68.37,3.44,0.00
"11/10/2024 07:05:00","MHK VL",61756,66.49,1.56,0.00
"11/10/2024 07:05:00","MILLWD",61759,67.79,2.85,0.00
"11/10/2024 07:05:00","N.Y.C.",61761,67.99,3.05,0.00
"11/10/2024 07:05:00","NORTH",61755,65.97,1.04,0.00
"11/10/2024 07:05:00","NPX",61845,78.58,2.66,-10.99
"11/10/2024 07:05:00","O H",61846,60.26,-4.68,0.00
"11/10/2024 07:05:00","PJM",61847,64.28,-0.65,0.00
"11/10/2024 07:05:00","WEST",61752,61.23,-3.70,0.00
"11/10/2024 07:10:00","CAPITL",61757,34.26,1.72,0.00
"11/10/2024 07:10:00","CENTRL",61754,31.99,-0.55,0.00
"11/10/2024 07:10:00","DUNWOD",61760,34.01,1.47,0.00
"11/10/2024 07:10:00","GENESE",61753,31.01,-1.53,0.00
"11/10/2024 07:10:00","H Q",61844,32.57,0.03,0.00
"11/10/2024 07:10:00","HUD VL",61758,33.94,1.40,0.00
"11/10/2024 07:10:00","LONGIL",61762,34.30,1.76,0.00
"11/10/2024 07:10:00","MHK VL",61756,33.32,0.78,0.00
"11/10/2024 07:10:00","MILLWD",61759,34.01,1.47,0.00
"11/10/2024 07:10:00","N.Y.C.",61761,34.10,1.56,0.00
"11/10/2024 07:10:00","NORTH",61755,33.03,0.49,0.00
"11/10/2024 07:10:00","NPX",61845,44.93,1.40,-10.99
"11/10/2024 07:10:00","O H",61846,30.07,-2.47,0.00
"11/10/2024 07:10:00","PJM",61847,32.15,-0.39,0.00
"11/10/2024 07:10:00","WEST",61752,30.55,-1.99,0.00
"11/10/2024 07:15:00","CAPITL",61757,31.91,1.61,0.00
"11/10/2024 07:15:00","CENTRL",61754,29.76,-0.54,0.00
"11/10/2024 07:15:00","DUNWOD",61760,31.73,1.42,0.00
"11/10/2024 07:15:00","GENESE",61753,28.91,-1.39,0.00
"11/10/2024 07:15:00","H Q",61844,30.33,0.03,0.00
"11/10/2024 07:15:00","HUD VL",61758,31.64,1.33,0.00
"11/10/2024 07:15:00","LONGIL",61762,32.00,1.70,0.00
"11/10/2024 07:15:00","MHK VL",61756,31.03,0.73,0.00
"11/10/2024 07:15:00","MILLWD",61759,31.70,1.39,0.00
"11/10/2024 07:15:00","N.Y.C.",61761,31.79,1.48,0.00
"11/10/2024 07:15:00","NORTH",61755,30.73,0.42,0.00
"11/10/2024 07:15:00","NPX",61845,42.59,1.30,-10.99
"11/10/2024 07:15:00","O H",61846,28.09,-2.21,0.00
"11/10/2024 07:15:00","PJM",61847,29.94,-0.36,0.00
"11/10/2024 07:15:00","WEST",61752,28.52,-1.79,0.00
"11/10/2024 07:20:00","CAPITL",61757,31.80,1.60,0.00
"11/10/2024 07:20:00","CENTRL",61754,29.60,-0.60,0.00
"11/10/2024 07:20:00","DUNWOD",61760,31.62,1.42,0.00
"11/10/2024 07:20:00","GENESE",61753,28.88,-1.33,0.00
"11/10/2024 07:20:00","H Q",61844,30.23,0.03,0.00
"11/10/2024 07:20:00","HUD VL",61758,31.53,1.33,0.00
"11/10/2024 07:20:00","LONGIL",61762,31.89,1.69,0.00
"11/10/2024 07:20:00","MHK VL",61756,30.93,0.72,0.00
"11/10/2024 07:20:00","MILLWD",61759,31.59,1.39,0.00
"11/10/2024 07:20:00","N.Y.C.",61761,31.71,1.51,0.00
"11/10/2024 07:20:00","NORTH",61755,30.63,0.42,0.00
"11/10/2024 07:20:00","NPX",61845,46.57,1.30,-15.07
"11/10/2024 07:20:00","O H",61846,28.06,-2.14,0.00
"11/10/2024 07:20:00","PJM",61847,29.81,-0.39,0.00
"11/10/2024 07:20:00","WEST",61752,28.48,-1.72,0.00
"11/10/2024 07:25:00","CAPITL",61757,31.94,1.61,0.00
"11/10/2024 07:25:00","CENTRL",61754,29.67,-0.67,0.00
"11/10/2024 07:25:00","DUNWOD",61760,31.82,1.49,0.00
"11/10/2024 07:25:00","GENESE",61753,28.94,-1.39,0.00
"11/10/2024 07:25:00","H Q",61844,30.37,0.03,0.00
"11/10/2024 07:25:00","HUD VL",61758,31.70,1.37,0.00
"11/10/2024 07:25:00","LONGIL",61762,32.09,1.76,0.00
"11/10/2024 07:25:00","MHK VL",61756,31.06,0.73,0.00
"11/10/2024 07:25:00","MILLWD",61759,31.79,1.46,0.00
"11/10/2024 07:25:00","N.Y.C.",61761,31.88,1.55,0.00
"11/10/2024 07:25:00","NORTH",61755,30.76,0.42,0.00
"11/10/2024 07:25:00","NPX",61845,46.74,1.33,-15.07
"11/10/2024 07:25:00","O H",61846,28.09,-2.24,0.00
"11/10/2024 07:25:00","PJM",61847,29.91,-0.42,0.00
"11/10/2024 07:25:00","WEST",61752,28.48,-1.85,0.00
"11/10/2024 07:30:00","CAPITL",61757,31.94,1.61,0.00
"11/10/2024 07:30:00","CENTRL",61754,29.73,-0.61,0.00
"11/10/2024 07:30:00","DUNWOD",61760,31.79,1.46,0.00
"11/10/2024 07:30:00","GENESE",61753,28.94,-1.39,0.00
"11/10/2024 07:30:00","H Q",61844,30.37,0.03,0.00
"11/10/2024 07:30:00","HUD VL",61758,31.70,1.37,0.00
"11/10/2024 07:30:00","LONGIL",61762,32.06,1.73,0.00
"11/10/2024 07:30:00","MHK VL",61756,31.06,0.73,0.00
"11/10/2024 07:30:00","MILLWD",61759,31.76,1.43,0.00
"11/10/2024 07:30:00","N.Y.C.",61761,31.85,1.52,0.00
"11/10/2024 07:30:00","NORTH",61755,30.76,0.42,0.00
"11/10/2024 07:30:00","NPX",61845,46.71,1.30,-15.07
"11/10/2024 07:30:00","O H",61846,28.06,-2.28,0.00
"11/10/2024 07:30:00","PJM",61847,29.94,-0.40,0.00
"11/10/2024 07:30:00","WEST",61752,28.48,-1.85,0.00
"11/10/2024 07:35:00","CAPITL",61757,27.29,1.35,0.00
"11/10/2024 07:35:00","CENTRL",61754,25.38,-0.57,0.00
"11/10/2024 07:35:00","DUNWOD",61760,27.17,1.22,0.00
"11/10/2024 07:35:00","GENESE",61753,24.78,-1.17,0.00
"11/10/2024 07:35:00","H Q",61844,25.97,0.03,0.00
"11/10/2024 07:35:00","HUD VL",61758,27.09,1.14,0.00
"11/10/2024 07:35:00","LONGIL",61762,27.42,1.48,0.00
"11/10/2024 07:35:00","MHK VL",61756,26.54,0.60,0.00
"11/10/2024 07:35:00","MILLWD",61759,27.14,1.19,0.00
"11/10/2024 07:35:00","N.Y.C.",61761,27.24,1.30,0.00
"11/10/2024 07:35:00","NORTH",61755,26.34,0.39,0.00
"11/10/2024 07:35:00","NPX",61845,41.44,1.11,-14.38
"11/10/2024 07:35:00","O H",61846,24.05,-1.89,0.00
"11/10/2024 07:35:00","PJM",61847,25.58,-0.36,0.00
"11/10/2024 07:35:00","WEST",61752,24.42,-1.53,0.00
"11/10/2024 07:40:00","CAPITL",61757,27.33,1.35,0.00
"11/10/2024 07:40:00","CENTRL",61754,25.38,-0.60,0.00
"11/10/2024 07:40:00","DUNWOD",61760,27.22,1.25,0.00
"11/10/2024 07:40:00","GENESE",61753,24.81,-1.17,0.00
"11/10/2024 07:40:00","H Q",61844,26.00,0.03,0.00
"11/10/2024 07:40:00","HUD VL",61758,27.15,1.17,0.00
"11/10/2024 07:40:00","LONGIL",61762,27.46,1.48,0.00
"11/10/2024 07:40:00","MHK VL",61756,26.57,0.60,0.00
"11/10/2024 07:40:00","MILLWD",61759,27.20,1.22,0.00
"11/10/2024 07:40:00","N.Y.C.",61761,27.30,1.32,0.00
"11/10/2024 07:40:00","NORTH",61755,26.34,0.36,0.00
"11/10/2024 07:40:00","NPX",61845,41.47,1.12,-14.38
"11/10/2024 07:40:00","O H",61846,24.05,-1.92,0.00
"11/10/2024 07:40:00","PJM",61847,25.61,-0.36,0.00
"11/10/2024 07:40:00","WEST",61752,24.42,-1.56,0.00
"11/10/2024 07:45:00","CAPITL",61757,27.26,1.35,0.00
"11/10/2024 07:45:00","CENTRL",61754,25.37,-0.55,0.00
"11/10/2024 07:45:00","DUNWOD",61760,27.11,1.19,0.00
"11/10/2024 07:45:00","GENESE",61753,24.78,-1.14,0.00
"11/10/2024 07:45:00","H Q",61844,25.97,0.05,0.00
"11/10/2024 07:45:00","HUD VL",61758,27.03,1.11,0.00
"11/10/2024 07:45:00","LONGIL",61762,27.37,1.45,0.00
"11/10/2024 07:45:00","MHK VL",61756,26.49,0.57,0.00
"11/10/2024 07:45:00","MILLWD",61759,27.08,1.17,0.00
"11/10/2024 07:45:00","N.Y.C.",61761,27.19,1.27,0.00
"11/10/2024 07:45:00","NORTH",61755,26.31,0.39,0.00
"11/10/2024 07:45:00","NPX",61845,41.41,1.11,-14.38
"11/10/2024 07:45:00","O H",61846,24.05,-1.87,0.00
"11/10/2024 07:45:00","PJM",61847,25.55,-0.36,0.00
"11/10/2024 07:45:00","WEST",61752,24.41,-1.50,0.00
"11/10/2024 07:50:00","CAPITL",61757,26.60,1.29,0.00
"11/10/2024 07:50:00","CENTRL",61754,24.80,-0.51,0.00
"11/10/2024 07:50:00","DUNWOD",61760,26.47,1.16,0.00
"11/10/2024 07:50:00","GENESE",61753,24.22,-1.09,0.00
"11/10/2024 07:50:00","H Q",61844,25.36,0.05,0.00
"11/10/2024 07:50:00","HUD VL",61758,26.40,1.09,0.00
"11/10/2024 07:50:00","LONGIL",61762,26.72,1.42,0.00
"11/10/2024 07:50:00","MHK VL",61756,25.86,0.56,0.00
"11/10/2024 07:50:00","MILLWD",61759,26.45,1.14,0.00
"11/10/2024 07:50:00","N.Y.C.",61761,26.55,1.24,0.00
"11/10/2024 07:50:00","NORTH",61755,25.69,0.38,0.00
"11/10/2024 07:50:00","NPX",61845,40.68,1.09,-14.29
"11/10/2024 07:50:00","O H",61846,23.54,-1.77,0.00
"11/10/2024 07:50:00","PJM",61847,24.98,-0.33,0.00
"11/10/2024 07:50:00","WEST",61752,23.89,-1.42,0.00
"11/10/2024 07:55:00","CAPITL",61757,25.43,1.23,0.00
"11/10/2024 07:55:00","CENTRL",61754,23.72,-0.48,0.00
"11/10/2024 07:55:00","DUNWOD",61760,25.34,1.14,0.00
"11/10/2024 07:55:00","GENESE",61753,23.11,-1.09,0.00
"11/10/2024 07:55:00","H Q",61844,24.23,0.02,0.00
"11/10/2024 07:55:00","HUD VL",61758,25.26,1.06,0.00
"11/10/2024 07:55:00","LONGIL",61762,25.58,1.38,0.00
"11/10/2024 07:55:00","MHK VL",61756,24.73,0.53,0.00
"11/10/2024 07:55:00","MILLWD",61759,25.31,1.11,0.00
"11/10/2024 07:55:00","N.Y.C.",61761,25.41,1.21,0.00
"11/10/2024 07:55:00","NORTH",61755,24.56,0.36,0.00
"11/10/2024 07:55:00","NPX",61845,39.53,1.04,-14.29
"11/10/2024 07:55:00","O H",61846,22.44,-1.77,0.00
"11/10/2024 07:55:00","PJM",61847,23.91,-0.29,0.00
"11/10/2024 07:55:00","WEST",61752,22.77,-1.43,0.00
"11/10/2024 08:00:00","CAPITL",61757,23.58,1.14,0.00
"11/10/2024 08:00:00","CENTRL",61754,22.01,-0.43,0.00
"11/10/2024 08:00:00","DUNWOD",61760,23.58,1.14,0.00
"11/10/2024 08:00:00","GENESE",61753,21.36,-1.08,0.00
"11/10/2024 08:00:00","H Q",61844,22.46,0.02,0.00
"11/10/2024 08:00:00","HUD VL",61758,23.49,1.05,0.00
"11/10/2024 08:00:00","LONGIL",61762,23.92,1.48,0.00
"11/10/2024 08:00:00","MHK VL",61756,22.95,0.52,0.00
"11/10/2024 08:00:00","MILLWD",61759,23.53,1.10,0.00
"11/10/2024 08:00:00","N.Y.C.",61761,23.65,1.21,0.00
"11/10/2024 08:00:00","NORTH",61755,22.75,0.31,0.00
"11/10/2024 08:00:00","NPX",61845,37.69,0.96,-14.29
"11/10/2024 08:00:00","O H",61846,20.69,-1.75,0.00
"11/10/2024 08:00:00","PJM",61847,22.21,-0.22,0.00
"11/10/2024 08:00:00","WEST",61752,21.04,-1.39,0.00
"11/10/2024 08:05:00","CAPITL",61757,26.47,1.26,0.00
"11/10/2024 08:05:00","CENTRL",61754,24.78,-0.43,0.00
"11/10/2024 08:05:00","DUNWOD",61760,26.47,1.26,0.00
"11/10/2024 08:05:00","GENESE",61753,24.00,-1.21,0.00
"11/10/2024 08:05:00","H Q",61844,25.24,0.03,0.00
"11/10/2024 08:05:00","HUD VL",61758,26.37,1.16,0.00
"11/10/2024 08:05:00","LONGIL",61762,27.03,1.82,0.00
"11/10/2024 08:05:00","MHK VL",61756,25.79,0.58,0.00
"11/10/2024 08:05:00","MILLWD",61759,26.42,1.21,0.00
"11/10/2024 08:05:00","N.Y.C.",61761,26.55,1.34,0.00
"11/10/2024 08:05:00","NORTH",61755,25.59,0.38,0.00
"11/10/2024 08:05:00","NPX",61845,34.24,1.08,-7.95
"11/10/2024 08:05:00","O H",61846,23.27,-1.94,0.00
"11/10/2024 08:05:00","PJM",61847,25.01,-0.20,0.00
"11/10/2024 08:05:00","WEST",61752,23.67,-1.54,0.00
"11/10/2024 08:10:00","CAPITL",61757,25.09,1.19,0.00
"11/10/2024 08:10:00","CENTRL",61754,23.39,-0.50,0.00
"11/10/2024 08:10:00","DUNWOD",61760,25.16,1.27,0.00
"11/10/2024 08:10:00","GENESE",61753,22.68,-1.22,0.00
"11/10/2024 08:10:00","H Q",61844,23.92,0.02,0.00
"11/10/2024 08:10:00","HUD VL",61758,25.02,1.12,0.00
"11/10/2024 08:10:00","LONGIL",61762,25.71,1.81,0.00
"11/10/2024 08:10:00","MHK VL",61756,24.37,0.48,0.00
"11/10/2024 08:10:00","MILLWD",61759,25.11,1.22,0.00
"11/10/2024 08:10:00","N.Y.C.",61761,25.21,1.31,0.00
"11/10/2024 08:10:00","NORTH",61755,24.20,0.31,0.00
"11/10/2024 08:10:00","NPX",61845,32.89,1.05,-7.95
"11/10/2024 08:10:00","O H",61846,21.98,-1.91,0.00
"11/10/2024 08:10:00","PJM",61847,23.65,-0.24,0.00
"11/10/2024 08:10:00","WEST",61752,22.32,-1.58,0.00
"11/10/2024 08:15:00","CAPITL",61757,25.11,1.17,0.00
"11/10/2024 08:15:00","CENTRL",61754,23.46,-0.48,0.00
"11/10/2024 08:15:00","DUNWOD",61760,25.16,1.22,0.00
"11/10/2024 08:15:00","GENESE",61753,22.76,-1.17,0.00
"11/10/2024 08:15:00","H Q",61844,23.99,0.05,0.00
"11/10/2024 08:15:00","HUD VL",61758,25.04,1.10,0.00
"11/10/2024 08:15:00","LONGIL",61762,25.76,1.82,0.00
"11/10/2024 08:15:00","MHK VL",61756,24.42,0.48,0.00
"11/10/2024 08:15:00","MILLWD",61759,25.11,1.17,0.00
"11/10/2024 08:15:00","N.Y.C.",61761,25.23,1.29,0.00
"11/10/2024 08:15:00","NORTH",61755,24.27,0.33,0.00
"11/10/2024 08:15:00","NPX",61845,32.91,1.03,-7.95
"11/10/2024 08:15:00","O H",61846,22.14,-1.80,0.00
"11/10/2024 08:15:00","PJM",61847,23.67,-0.26,0.00
"11/10/2024 08:15:00","WEST",61752,22.45,-1.48,0.00
"11/10/2024 08:20:00","CAPITL",61757,23.91,1.10,0.00
"11/10/2024 08:20:00","CENTRL",61754,22.31,-0.50,0.00
"11/10/2024 08:20:00","DUNWOD",61760,24.00,1.19,0.00
"11/10/2024 08:20:00","GENESE",61753,21.70,-1.12,0.00
"11/10/2024 08:20:00","H Q",61844,22.84,0.02,0.00
"11/10/2024 08:20:00","HUD VL",61758,23.89,1.07,0.00
"11/10/2024 08:20:00","LONGIL",61762,24.55,1.73,0.00
"11/10/2024 08:20:00","MHK VL",61756,23.25,0.43,0.00
"11/10/2024 08:20:00","MILLWD",61759,23.98,1.16,0.00
"11/10/2024 08:20:00","N.Y.C.",61761,24.09,1.28,0.00
"11/10/2024 08:20:00","NORTH",61755,23.11,0.30,0.00
"11/10/2024 08:20:00","NPX",61845,25.55,0.98,-1.75
"11/10/2024 08:20:00","O H",61846,21.13,-1.69,0.00
"11/10/2024 08:20:00","PJM",61847,22.56,-0.25,0.00
"11/10/2024 08:20:00","WEST",61752,21.42,-1.39,0.00
"11/10/2024 08:25:00","CAPITL",61757,22.87,1.05,0.00
"11/10/2024 08:25:00","CENTRL",61754,21.36,-0.46,0.00
"11/10/2024 08:25:00","DUNWOD",61760,22.98,1.16,0.00
"11/10/2024 08:25:00","GENESE",61753,20.73,-1.09,0.00
"11/10/2024 08:25:00","H Q",61844,21.84,0.02,0.00
"11/10/2024 08:25:00","HUD VL",61758,22.85,1.03,0.00
"11/10/2024 08:25:00","LONGIL",61762,23.46,1.64,0.00
"11/10/2024 08:25:00","MHK VL",61756,22.24,0.41,0.00
"11/10/2024 08:25:00","MILLWD",61759,22.93,1.11,0.00
"11/10/2024 08:25:00","N.Y.C.",61761,23.07,1.24,0.00
"11/10/2024 08:25:00","NORTH",61755,22.06,0.24,0.00
"11/10/2024 08:25:00","NPX",61845,24.53,0.96,-1.75
"11/10/2024 08:25:00","O H",61846,20.19,-1.64,0.00
"11/10/2024 08:25:00","PJM",61847,21.60,-0.22,0.00
"11/10/2024 08:25:00","WEST",61752,20.47,-1.35,0.00
"11/10/2024 08:30:00","CAPITL",61757,21.76,1.00,0.00
"11/10/2024 08:30:00","CENTRL",61754,20.31,-0.46,0.00
"11/10/2024 08:30:00","DUNWOD",61760,21.93,1.16,0.00
"11/10/2024 08:30:00","GENESE",61753,19.69,-1.08,0.00
"11/10/2024 08:30:00","H Q",61844,20.77,0.00,0.00
"11/10/2024 08:30:00","HUD VL",61758,21.81,1.04,0.00
"11/10/2024 08:30:00","LONGIL",61762,22.37,1.60,0.00
"11/10/2024 08:30:00","MHK VL",61756,21.16,0.39,0.00
"11/10/2024 08:30:00","MILLWD",61759,21.89,1.12,0.00
"11/10/2024 08:30:00","N.Y.C.",61761,22.03,1.27,0.00
"11/10/2024 08:30:00","NORTH",61755,21.00,0.23,0.00
"11/10/2024 08:30:00","NPX",61845,23.46,0.94,-1.75
"11/10/2024 08:30:00","O H",61846,19.15,-1.62,0.00
"11/10/2024 08:30:00","PJM",61847,20.60,-0.17,0.00
"11/10/2024 08:30:00","WEST",61752,19.42,-1.35,0.00
"11/10/2024 08:35:00","CAPITL",61757,21.64,0.99,0.00
"11/10/2024 08:35:00","CENTRL",61754,20.24,-0.41,0.00
"11/10/2024 08:35:00","DUNWOD",61760,21.83,1.18,0.00
"11/10/2024 08:35:00","GENESE",61753,19.60,-1.05,0.00
"11/10/2024 08:35:00","H Q",61844,20.63,-0.02,0.00
"11/10/2024 08:35:00","HUD VL",61758,21.71,1.05,0.00
"11/10/2024 08:35:00","LONGIL",61762,22.24,1.59,0.00
"11/10/2024 08:35:00","MHK VL",61756,21.04,0.39,0.00
"11/10/2024 08:35:00","MILLWD",61759,21.79,1.14,0.00
"11/10/2024 08:35:00","N.Y.C.",61761,21.93,1.28,0.00
"11/10/2024 08:35:00","NORTH",61755,20.86,0.21,0.00
"11/10/2024 08:35:00","NPX",61845,21.68,0.93,-0.10
"11/10/2024 08:35:00","O H",61846,19.08,-1.57,0.00
"11/10/2024 08:35:00","PJM",61847,20.57,-0.08,0.00
"11/10/2024 08:35:00","WEST",61752,19.35,-1.30,0.00
"11/10/2024 08:40:00","CAPITL",61757,21.71,0.99,0.00
"11/10/2024 08:40:00","CENTRL",61754,20.31,-0.41,0.00
"11/10/2024 08:40:00","DUNWOD",61760,21.90,1.18,0.00
"11/10/2024 08:40:00","GENESE",61753,19.62,-1.10,0.00
"11/10/2024 08:40:00","H Q",61844,20.70,-0.02,0.00
"11/10/2024 08:40:00","HUD VL",61758,21.78,1.06,0.00
"11/10/2024 08:40:00","LONGIL",61762,22.29,1.57,0.00
"11/10/2024 08:40:00","MHK VL",61756,21.13,0.41,0.00
"11/10/2024 08:40:00","MILLWD",61759,21.86,1.14,0.00
"11/10/2024 08:40:00","N.Y.C.",61761,21.98,1.26,0.00
"11/10/2024 08:40:00","NORTH",61755,20.93,0.21,0.00
"11/10/2024 08:40:00","NPX",61845,21.75,0.93,-0.10
"11/10/2024 08:40:00","O H",61846,19.08,-1.64,0.00
"11/10/2024 08:40:00","PJM",61847,20.62,-0.10,0.00
"11/10/2024 08:40:00","WEST",61752,19.37,-1.35,0.00
"11/10/2024 08:45:00","CAPITL",61757,21.60,0.97,0.00
"11/10/2024 08:45:00","CENTRL",61754,20.24,-0.39,0.00
"11/10/2024 08:45:00","DUNWOD",61760,21.78,1.15,0.00
"11/10/2024 08:45:00","GENESE",61753,19.58,-1.05,0.00
"11/10/2024 08:45:00","H Q",61844,20.61,-0.02,0.00
"11/10/2024 08:45:00","HUD VL",61758,21.66,1.03,0.00
"11/10/2024 08:45:00","LONGIL",61762,22.22,1.59,0.00
"11/10/2024 08:45:00","MHK VL",61756,21.02,0.39,0.00
"11/10/2024 08:45:00","MILLWD",61759,21.74,1.11,0.00
"11/10/2024 08:45:00","N.Y.C.",61761,21.89,1.26,0.00
"11/10/2024 08:45:00","NORTH",61755,20.84,0.21,0.00
"11/10/2024 08:45:00","NPX",61845,21.66,0.93,-0.10
"11/10/2024 08:45:00","O H",61846,19.08,-1.55,0.00
"11/10/2024 08:45:00","PJM",61847,20.55,-0.08,0.00
"11/10/2024 08:45:00","WEST",61752,19.37,-1.26,0.00
"11/10/2024 08:50:00","CAPITL",61757,21.41,0.94,0.00
"11/10/2024 08:50:00","CENTRL",61754,20.04,-0.43,0.00
"11/10/2024 08:50:00","DUNWOD",61760,21.65,1.19,0.00
"11/10/2024 08:50:00","GENESE",61753,19.38,-1.09,0.00
"11/10/2024 08:50:00","H Q",61844,20.45,-0.02,0.00
"11/10/2024 08:50:00","HUD VL",61758,21.53,1.06,0.00
"11/10/2024 08:50:00","LONGIL",61762,22.10,1.64,0.00
"11/10/2024 08:50:00","MHK VL",61756,20.85,0.39,0.00
"11/10/2024 08:50:00","MILLWD",61759,21.61,1.15,0.00
"11/10/2024 08:50:00","N.Y.C.",61761,21.76,1.29,0.00
"11/10/2024 08:50:00","NORTH",61755,20.67,0.20,0.00
"11/10/2024 08:50:00","NPX",61845,22.58,0.92,-1.19
"11/10/2024 08:50:00","O H",61846,18.89,-1.58,0.00
"11/10/2024 08:50:00","PJM",61847,20.41,-0.06,0.00
"11/10/2024 08:50:00","WEST",61752,19.18,-1.29,0.00
"11/10/2024 08:55:00","CAPITL",61757,21.62,0.97,0.00
"11/10/2024 08:55:00","CENTRL",61754,20.18,-0.47,0.00
"11/10/2024 08:55:00","DUNWOD",61760,21.85,1.20,0.00
"11/10/2024 08:55:00","GENESE",61753,19.56,-1.10,0.00
"11/10/2024 08:55:00","H Q",61844,20.65,0.00,0.00
"11/10/2024 08:55:00","HUD VL",61758,21.73,1.07,0.00
"11/10/2024 08:55:00","LONGIL",61762,22.35,1.69,0.00
"11/10/2024 08:55:00","MHK VL",61756,21.03,0.37,0.00
"11/10/2024 08:55:00","MILLWD",61759,21.83,1.18,0.00
"11/10/2024 08:55:00","N.Y.C.",61761,21.95,1.30,0.00
"11/10/2024 08:55:00","NORTH",61755,20.88,0.23,0.00
"11/10/2024 08:55:00","NPX",61845,22.80,0.95,-1.19
"11/10/2024 08:55:00","O H",61846,19.08,-1.57,0.00
"11/10/2024 08:55:00","PJM",61847,20.55,-0.10,0.00
"11/10/2024 08:55:00","WEST",61752,19.35,-1.30,0.00
"11/10/2024 09:00:00","CAPITL",61757,22.44,1.01,0.00
"11/10/2024 09:00:00","CENTRL",61754,20.90,-0.54,0.00
"11/10/2024 09:00:00","DUNWOD",61760,22.70,1.26,0.00
"11/10/2024 09:00:00","GENESE",61753,20.17,-1.26,0.00
"11/10/2024 09:00:00","H Q",61844,21.44,0.00,0.00
"11/10/2024 09:00:00","HUD VL",61758,22.55,1.11,0.00
"11/10/2024 09:00:00","LONGIL",61762,23.24,1.80,0.00
"11/10/2024 09:00:00","MHK VL",61756,21.82,0.39,0.00
"11/10/2024 09:00:00","MILLWD",61759,22.66,1.22,0.00
"11/10/2024 09:00:00","N.Y.C.",61761,22.79,1.35,0.00
"11/10/2024 09:00:00","NORTH",61755,21.70,0.26,0.00
"11/10/2024 09:00:00","NPX",61845,23.62,0.99,-1.19
"11/10/2024 09:00:00","O H",61846,19.59,-1.84,0.00
"11/10/2024 09:00:00","PJM",61847,21.26,-0.17,0.00
"11/10/2024 09:00:00","WEST",61752,19.89,-1.54,0.00
"11/10/2024 09:05:00","CAPITL",61757,21.91,1.00,0.00
"11/10/2024 09:05:00","CENTRL",61754,20.36,-0.54,0.00
"11/10/2024 09:05:00","DUNWOD",61760,22.13,1.23,0.00
"11/10/2024 09:05:00","GENESE",61753,19.65,-1.25,0.00
"11/10/2024 09:05:00","H Q",61844,20.92,0.02,0.00
"11/10/2024 09:05:00","HUD VL",61758,21.99,1.09,0.00
"11/10/2024 09:05:00","LONGIL",61762,34.19,1.78,-11.52
"11/10/2024 09:05:00","MHK VL",61756,21.28,0.38,0.00
"11/10/2024 09:05:00","MILLWD",61759,22.09,1.19,0.00
"11/10/2024 09:05:00","N.Y.C.",61761,22.24,1.34,0.00
"11/10/2024 09:05:00","NORTH",61755,21.15,0.25,0.00
"11/10/2024 09:05:00","NPX",61845,23.10,0.98,-1.21
"11/10/2024 09:05:00","O H",61846,19.06,-1.84,0.00
"11/10/2024 09:05:00","PJM",61847,20.69,-0.21,0.00
"11/10/2024 09:05:00","WEST",61752,19.38,-1.52,0.00
"11/10/2024 09:10:00","CAPITL",61757,22.20,1.02,0.00
"11/10/2024 09:10:00","CENTRL",61754,20.67,-0.51,0.00
"11/10/2024 09:10:00","DUNWOD",61760,22.43,1.25,0.00
"11/10/2024 09:10:00","GENESE",61753,19.95,-1.23,0.00
"11/10/2024 09:10:00","H Q",61844,21.18,0.00,0.00
"11/10/2024 09:10:00","HUD VL",61758,22.26,1.08,0.00
"11/10/2024 09:10:00","LONGIL",61762,34.73,1.80,-11.74
"11/10/2024 09:10:00","MHK VL",61756,21.52,0.34,0.00
"11/10/2024 09:10:00","MILLWD",61759,22.39,1.21,0.00
"11/10/2024 09:10:00","N.Y.C.",61761,22.54,1.36,0.00
"11/10/2024 09:10:00","NORTH",61755,21.42,0.23,0.00
"11/10/2024 09:10:00","NPX",61845,23.37,0.97,-1.21
"11/10/2024 09:10:00","O H",61846,19.38,-1.80,0.00
"11/10/2024 09:10:00","PJM",61847,21.04,-0.15,0.00
"11/10/2024 09:10:00","WEST",61752,19.72,-1.46,0.00
"11/10/2024 09:15:00","CAPITL",61757,22.39,1.03,0.00
"11/10/2024 09:15:00","CENTRL",61754,20.91,-0.45,0.00
"11/10/2024 09:15:00","DUNWOD",61760,22.58,1.22,0.00
"11/10/2024 09:15:00","GENESE",61753,20.25,-1.11,0.00
"11/10/2024 09:15:00","H Q",61844,21.36,0.00,0.00
"11/10/2024 09:15:00","HUD VL",61758,22.43,1.07,0.00
"11/10/2024 09:15:00","LONGIL",61762,34.22,1.77,-11.08
"11/10/2024 09:15:00","MHK VL",61756,21.73,0.36,0.00
"11/10/2024 09:15:00","MILLWD",61759,22.54,1.17,0.00
"11/10/2024 09:15:00","N.Y.C.",61761,22.69,1.32,0.00
"11/10/2024 09:15:00","NORTH",61755,21.60,0.24,0.00
"11/10/2024 09:15:00","NPX",61845,23.54,0.96,-1.21
"11/10/2024 09:15:00","O H",61846,19.78,-1.58,0.00
"11/10/2024 09:15:00","PJM",61847,21.28,-0.09,0.00
"11/10/2024 09:15:00","WEST",61752,20.10,-1.26,0.00
"11/10/2024 09:20:00","CAPITL",61757,22.37,1.00,0.00
"11/10/2024 09:20:00","CENTRL",61754,20.89,-0.47,0.00
"11/10/2024 09:20:00","DUNWOD",61760,22.58,1.22,0.00
"11/10/2024 09:20:00","GENESE",61753,20.27,-1.09,0.00
"11/10/2024 09:20:00","H Q",61844,21.36,0.00,0.00
"11/10/2024 09:20:00","HUD VL",61758,22.43,1.07,0.00
"11/10/2024 09:20:00","LONGIL",61762,34.17,1.77,-11.04
"11/10/2024 09:20:00","MHK VL",61756,21.70,0.34,0.00
"11/10/2024 09:20:00","MILLWD",61759,22.56,1.20,0.00
"11/10/2024 09:20:00","N.Y.C.",61761,22.69,1.32,0.00
"11/10/2024 09:20:00","NORTH",61755,21.58,0.21,0.00
"11/10/2024 09:20:00","NPX",61845,23.38,0.98,-1.04
"11/10/2024 09:20:00","O H",61846,19.78,-1.58,0.00
"11/10/2024 09:20:00","PJM",61847,21.26,-0.11,0.00
"11/10/2024 09:20:00","WEST",61752,20.10,-1.26,0.00
"11/10/2024 09:25:00","CAPITL",61757,22.35,1.00,0.00
"11/10/2024 09:25:00","CENTRL",61754,20.85,-0.49,0.00
"11/10/2024 09:25:00","DUNWOD",61760,22.58,1.24,0.00
"11/10/2024 09:25:00","GENESE",61753,20.21,-1.13,0.00
"11/10/2024 09:25:00","H Q",61844,21.34,0.00,0.00
"11/10/2024 09:25:00","HUD VL",61758,22.41,1.07,0.00
"11/10/2024 09:25:00","LONGIL",61762,34.20,1.79,-11.06
"11/10/2024 09:25:00","MHK VL",61756,21.68,0.34,0.00
"11/10/2024 09:25:00","MILLWD",61759,22.54,1.19,0.00
"11/10/2024 09:25:00","N.Y.C.",61761,22.69,1.35,0.00
"11/10/2024 09:25:00","NORTH",61755,21.56,0.21,0.00
"11/10/2024 09:25:00","NPX",61845,23.36,0.98,-1.04
"11/10/2024 09:25:00","O H",61846,19.68,-1.66,0.00
"11/10/2024 09:25:00","PJM",61847,21.22,-0.13,0.00
"11/10/2024 09:25:00","WEST",61752,20.02,-1.32,0.00
"11/10/2024 09:30:00","CAPITL",61757,22.39,1.03,0.00
"11/10/2024 09:30:00","CENTRL",61754,20.89,-0.47,0.00
"11/10/2024 09:30:00","DUNWOD",61760,22.58,1.22,0.00
"11/10/2024 09:30:00","GENESE",61753,20.25,-1.11,0.00
"11/10/2024 09:30:00","H Q",61844,21.36,0.00,0.00
"11/10/2024 09:30:00","HUD VL",61758,22.41,1.05,0.00
"11/10/2024 09:30:00","LONGIL",61762,34.20,1.77,-11.06
"11/10/2024 09:30:00","MHK VL",61756,21.68,0.32,0.00
"11/10/2024 09:30:00","MILLWD",61759,22.54,1.17,0.00
"11/10/2024 09:30:00","N.Y.C.",61761,22.67,1.30,0.00
"11/10/2024 09:30:00","NORTH",61755,21.60,0.24,0.00
"11/10/2024 09:30:00","NPX",61845,23.36,0.96,-1.04
"11/10/2024 09:30:00","O H",61846,19.74,-1.62,0.00
"11/10/2024 09:30:00","PJM",61847,21.28,-0.09,0.00
"11/10/2024 09:30:00","WEST",61752,20.08,-1.28,0.00
"11/10/2024 09:35:00","CAPITL",61757,21.81,1.00,0.00
"11/10/2024 09:35:00","CENTRL",61754,20.34,-0.48,0.00
"11/10/2024 09:35:00","DUNWOD",61760,21.98,1.16,0.00
"11/10/2024 09:35:00","GENESE",61753,19.71,-1.10,0.00
"11/10/2024 09:35:00","H Q",61844,20.84,0.02,0.00
"11/10/2024 09:35:00","HUD VL",61758,21.83,1.02,0.00
"11/10/2024 09:35:00","LONGIL",61762,34.22,1.73,-11.67
"11/10/2024 09:35:00","MHK VL",61756,21.13,0.31,0.00
"11/10/2024 09:35:00","MILLWD",61759,21.96,1.14,0.00
"11/10/2024 09:35:00","N.Y.C.",61761,22.08,1.27,0.00
"11/10/2024 09:35:00","NORTH",61755,21.04,0.23,0.00
"11/10/2024 09:35:00","NPX",61845,21.99,0.96,-0.22
"11/10/2024 09:35:00","O H",61846,19.19,-1.62,0.00
"11/10/2024 09:35:00","PJM",61847,20.71,-0.10,0.00
"11/10/2024 09:35:00","WEST",61752,19.52,-1.29,0.00
"11/10/2024 09:40:00","CAPITL",61757,21.77,1.00,0.00
"11/10/2024 09:40:00","CENTRL",61754,20.30,-0.48,0.00
"11/10/2024 09:40:00","DUNWOD",61760,21.98,1.20,0.00
"11/10/2024 09:40:00","GENESE",61753,19.67,-1.10,0.00
"11/10/2024 09:40:00","H Q",61844,20.77,0.00,0.00
"11/10/2024 09:40:00","HUD VL",61758,21.81,1.04,0.00
"11/10/2024 09:40:00","LONGIL",61762,34.17,1.75,-11.65
"11/10/2024 09:40:00","MHK VL",61756,21.09,0.31,0.00
"11/10/2024 09:40:00","MILLWD",61759,21.94,1.16,0.00
"11/10/2024 09:40:00","N.Y.C.",61761,22.08,1.31,0.00
"11/10/2024 09:40:00","NORTH",61755,21.00,0.23,0.00
"11/10/2024 09:40:00","NPX",61845,21.95,0.96,-0.22
"11/10/2024 09:40:00","O H",61846,19.13,-1.64,0.00
"11/10/2024 09:40:00","PJM",61847,20.67,-0.10,0.00
"11/10/2024 09:40:00","WEST",61752,19.47,-1.31,0.00
"11/10/2024 09:45:00","CAPITL",61757,21.73,0.96,0.00
"11/10/2024 09:45:00","CENTRL",61754,20.32,-0.46,0.00
"11/10/2024 09:45:00","DUNWOD",61760,21.98,1.20,0.00
"11/10/2024 09:45:00","GENESE",61753,19.72,-1.06,0.00
"11/10/2024 09:45:00","H Q",61844,20.77,0.00,0.00
"11/10/2024 09:45:00","HUD VL",61758,21.81,1.04,0.00
"11/10/2024 09:45:00","LONGIL",61762,34.17,1.75,-11.65
"11/10/2024 09:45:00","MHK VL",61756,21.07,0.29,0.00
"11/10/2024 09:45:00","MILLWD",61759,21.94,1.16,0.00
"11/10/2024 09:45:00","N.Y.C.",61761,22.08,1.31,0.00
"11/10/2024 09:45:00","NORTH",61755,21.00,0.23,0.00
"11/10/2024 09:45:00","NPX",61845,21.93,0.94,-0.22
"11/10/2024 09:45:00","O H",61846,19.18,-1.60,0.00
"11/10/2024 09:45:00","PJM",61847,20.69,-0.08,0.00
"11/10/2024 09:45:00","WEST",61752,19.51,-1.27,0.00
"11/10/2024 09:50:00","CAPITL",61757,21.65,0.91,0.00
"11/10/2024 09:50:00","CENTRL",61754,20.28,-0.46,0.00
"11/10/2024 09:50:00","DUNWOD",61760,21.98,1.24,0.00
"11/10/2024 09:50:00","GENESE",61753,19.66,-1.08,0.00
"11/10/2024 09:50:00","H Q",61844,20.74,0.00,0.00
"11/10/2024 09:50:00","HUD VL",61758,21.79,1.06,0.00
"11/10/2024 09:50:00","LONGIL",61762,34.35,1.78,-11.84
"11/10/2024 09:50:00","MHK VL",61756,21.03,0.29,0.00
"11/10/2024 09:50:00","MILLWD",61759,21.92,1.18,0.00
"11/10/2024 09:50:00","N.Y.C.",61761,22.08,1.35,0.00
"11/10/2024 09:50:00","NORTH",61755,20.94,0.21,0.00
"11/10/2024 09:50:00","NPX",61845,21.71,0.93,-0.04
"11/10/2024 09:50:00","O H",61846,19.12,-1.62,0.00
"11/10/2024 09:50:00","PJM",61847,20.67,-0.06,0.00
"11/10/2024 09:50:00","WEST",61752,19.47,-1.27,0.00
"11/10/2024 09:55:00","CAPITL",61757,21.42,0.88,0.00
"11/10/2024 09:55:00","CENTRL",61754,20.15,-0.39,0.00
"11/10/2024 09:55:00","DUNWOD",61760,21.73,1.19,0.00
"11/10/2024 09:55:00","GENESE",61753,19.56,-0.99,0.00
"11/10/2024 09:55:00","H Q",61844,20.54,0.00,0.00
"11/10/2024 09:55:00","HUD VL",61758,21.57,1.03,0.00
"11/10/2024 09:55:00","LONGIL",61762,34.37,1.73,-12.11
"11/10/2024 09:55:00","MHK VL",61756,20.81,0.27,0.00
"11/10/2024 09:55:00","MILLWD",61759,21.69,1.15,0.00
"11/10/2024 09:55:00","N.Y.C.",61761,21.84,1.29,0.00
"11/10/2024 09:55:00","NORTH",61755,20.77,0.23,0.00
"11/10/2024 09:55:00","NPX",61845,21.51,0.93,-0.04
"11/10/2024 09:55:00","O H",61846,19.08,-1.46,0.00
"11/10/2024 09:55:00","PJM",61847,20.54,0.00,0.00
"11/10/2024 09:55:00","WEST",61752,19.43,-1.11,0.00
"11/10/2024 10:00:00","CAPITL",61757,21.52,0.89,0.00
"11/10/2024 10:00:00","CENTRL",61754,20.20,-0.43,0.00
"11/10/2024 10:00:00","DUNWOD",61760,21.78,1.15,0.00
"11/10/2024 10:00:00","GENESE",61753,19.58,-1.05,0.00
"11/10/2024 10:00:00","H Q",61844,20.65,0.02,0.00
"11/10/2024 10:00:00","HUD VL",61758,21.64,1.01,0.00
"11/10/2024 10:00:00","LONGIL",61762,32.85,1.67,-10.55
"11/10/2024 10:00:00","MHK VL",61756,20.88,0.25,0.00
"11/10/2024 10:00:00","MILLWD",61759,21.76,1.13,0.00
"11/10/2024 10:00:00","N.Y.C.",61761,21.87,1.24,0.00
"11/10/2024 10:00:00","NORTH",61755,20.86,0.23,0.00
"11/10/2024 10:00:00","NPX",61845,21.56,0.89,-0.04
"11/10/2024 10:00:00","O H",61846,19.06,-1.57,0.00
"11/10/2024 10:00:00","PJM",61847,20.55,-0.08,0.00
"11/10/2024 10:00:00","WEST",61752,19.41,-1.22,0.00
"11/10/2024 10:05:00","CAPITL",61757,21.45,0.88,0.00
"11/10/2024 10:05:00","CENTRL",61754,20.11,-0.45,0.00
"11/10/2024 10:05:00","DUNWOD",61760,21.71,1.15,0.00
"11/10/2024 10:05:00","GENESE",61753,19.58,-0.99,0.00
"11/10/2024 10:05:00","H Q",61844,20.58,0.02,0.00
"11/10/2024 10:05:00","HUD VL",61758,21.57,1.01,0.00
"11/10/2024 10:05:00","LONGIL",61762,22.23,1.66,0.00
"11/10/2024 10:05:00","MHK VL",61756,20.81,0.25,0.00
"11/10/2024 10:05:00","MILLWD",61759,21.69,1.13,0.00
"11/10/2024 10:05:00","N.Y.C.",61761,21.80,1.23,0.00
"11/10/2024 10:05:00","NORTH",61755,20.79,0.23,0.00
"11/10/2024 10:05:00","NPX",61845,21.43,0.86,0.00
"11/10/2024 10:05:00","O H",61846,19.08,-1.48,0.00
"11/10/2024 10:05:00","PJM",61847,20.44,-0.12,0.00
"11/10/2024 10:05:00","WEST",61752,19.41,-1.15,0.00
"11/10/2024 10:10:00","CAPITL",61757,21.90,0.92,0.00
"11/10/2024 10:10:00","CENTRL",61754,20.51,-0.46,0.00
"11/10/2024 10:10:00","DUNWOD",61760,22.13,1.15,0.00
"11/10/2024 10:10:00","GENESE",61753,19.95,-1.03,0.00
"11/10/2024 10:10:00","H Q",61844,21.00,0.02,0.00
"11/10/2024 10:10:00","HUD VL",61758,21.96,0.99,0.00
"11/10/2024 10:10:00","LONGIL",61762,32.66,1.64,-10.05
"11/10/2024 10:10:00","MHK VL",61756,21.21,0.23,0.00
"11/10/2024 10:10:00","MILLWD",61759,22.09,1.11,0.00
"11/10/2024 10:10:00","N.Y.C.",61761,22.21,1.24,0.00
"11/10/2024 10:10:00","NORTH",61755,21.23,0.25,0.00
"11/10/2024 10:10:00","NPX",61845,21.85,0.88,0.00
"11/10/2024 10:10:00","O H",61846,19.42,-1.55,0.00
"11/10/2024 10:10:00","PJM",61847,20.87,-0.10,0.00
"11/10/2024 10:10:00","WEST",61752,19.78,-1.19,0.00
"11/10/2024 10:15:00","CAPITL",61757,21.72,0.90,0.00
"11/10/2024 10:15:00","CENTRL",61754,20.37,-0.46,0.00
"11/10/2024 10:15:00","DUNWOD",61760,21.99,1.17,0.00
"11/10/2024 10:15:00","GENESE",61753,19.77,-1.06,0.00
"11/10/2024 10:15:00","H Q",61844,20.87,0.04,0.00
"11/10/2024 10:15:00","HUD VL",61758,21.83,1.00,0.00
"11/10/2024 10:15:00","LONGIL",61762,32.65,1.65,-10.18
"11/10/2024 10:15:00","MHK VL",61756,21.08,0.25,0.00
"11/10/2024 10:15:00","MILLWD",61759,21.95,1.12,0.00
"11/10/2024 10:15:00","N.Y.C.",61761,22.08,1.25,0.00
"11/10/2024 10:15:00","NORTH",61755,21.12,0.29,0.00
"11/10/2024 10:15:00","NPX",61845,21.68,0.85,0.00
"11/10/2024 10:15:00","O H",61846,19.20,-1.62,0.00
"11/10/2024 10:15:00","PJM",61847,20.70,-0.12,0.00
"11/10/2024 10:15:00","WEST",61752,19.58,-1.25,0.00
"11/10/2024 10:20:00","CAPITL",61757,21.70,0.89,0.00
"11/10/2024 10:20:00","CENTRL",61754,20.37,-0.44,0.00
"11/10/2024 10:20:00","DUNWOD",61760,21.99,1.19,0.00
"11/10/2024 10:20:00","GENESE",61753,19.71,-1.10,0.00
"11/10/2024 10:20:00","H Q",61844,20.83,0.02,0.00
"11/10/2024 10:20:00","HUD VL",61758,21.83,1.02,0.00
"11/10/2024 10:20:00","LONGIL",61762,32.63,1.64,-10.18
"11/10/2024 10:20:00","MHK VL",61756,21.06,0.25,0.00
"11/10/2024 10:20:00","MILLWD",61759,21.95,1.14,0.00
"11/10/2024 10:20:00","N.Y.C.",61761,22.08,1.27,0.00
"11/10/2024 10:20:00","NORTH",61755,21.08,0.27,0.00
"11/10/2024 10:20:00","NPX",61845,21.66,0.85,0.00
"11/10/2024 10:20:00","O H",61846,19.12,-1.68,0.00
"11/10/2024 10:20:00","PJM",61847,20.73,-0.08,0.00
"11/10/2024 10:20:00","WEST",61752,19.50,-1.31,0.00
"11/10/2024 10:25:00","CAPITL",61757,21.66,0.89,0.00
"11/10/2024 10:25:00","CENTRL",61754,20.31,-0.46,0.00
"11/10/2024 10:25:00","DUNWOD",61760,21.95,1.18,0.00
"11/10/2024 10:25:00","GENESE",61753,19.66,-1.10,0.00
"11/10/2024 10:25:00","H Q",61844,20.79,0.02,0.00
"11/10/2024 10:25:00","HUD VL",61758,21.78,1.02,0.00
"11/10/2024 10:25:00","LONGIL",61762,22.43,1.66,0.00
"11/10/2024 10:25:00","MHK VL",61756,21.02,0.25,0.00
"11/10/2024 10:25:00","MILLWD",61759,21.91,1.14,0.00
"11/10/2024 10:25:00","N.Y.C.",61761,22.05,1.29,0.00
"11/10/2024 10:25:00","NORTH",61755,21.03,0.27,0.00
"11/10/2024 10:25:00","NPX",61845,21.62,0.85,0.00
"11/10/2024 10:25:00","O H",61846,19.08,-1.68,0.00
"11/10/2024 10:25:00","PJM",61847,20.68,-0.08,0.00
"11/10/2024 10:25:00","WEST",61752,19.48,-1.29,0.00
"11/10/2024 10:30:00","CAPITL",61757,21.59,0.89,0.00
"11/10/2024 10:30:00","CENTRL",61754,20.28,-0.41,0.00
"11/10/2024 10:30:00","DUNWOD",61760,21.86,1.16,0.00
"11/10/2024 10:30:00","GENESE",61753,19.62,-1.08,0.00
"11/10/2024 10:30:00","H Q",61844,20.72,0.02,0.00
"11/10/2024 10:30:00","HUD VL",61758,21.69,0.99,0.00
"11/10/2024 10:30:00","LONGIL",61762,22.31,1.62,0.00
"11/10/2024 10:30:00","MHK VL",61756,20.99,0.29,0.00
"11/10/2024 10:30:00","MILLWD",61759,21.81,1.12,0.00
"11/10/2024 10:30:00","N.Y.C.",61761,21.96,1.26,0.00
"11/10/2024 10:30:00","NORTH",61755,20.95,0.25,0.00
"11/10/2024 10:30:00","NPX",61845,21.55,0.85,0.00
"11/10/2024 10:30:00","O H",61846,19.08,-1.61,0.00
"11/10/2024 10:30:00","PJM",61847,20.63,-0.06,0.00
"11/10/2024 10:30:00","WEST",61752,19.46,-1.24,0.00
"11/10/2024 10:35:00","CAPITL",61757,21.59,0.89,0.00
"11/10/2024 10:35:00","CENTRL",61754,20.24,-0.46,0.00
"11/10/2024 10:35:00","DUNWOD",61760,21.88,1.18,0.00
"11/10/2024 10:35:00","GENESE",61753,19.62,-1.08,0.00
"11/10/2024 10:35:00","H Q",61844,20.72,0.02,0.00
"11/10/2024 10:35:00","HUD VL",61758,21.71,1.01,0.00
"11/10/2024 10:35:00","LONGIL",61762,22.31,1.62,0.00
"11/10/2024 10:35:00","MHK VL",61756,20.99,0.29,0.00
"11/10/2024 10:35:00","MILLWD",61759,21.83,1.14,0.00
"11/10/2024 10:35:00","N.Y.C.",61761,21.98,1.28,0.00
"11/10/2024 10:35:00","NORTH",61755,20.95,0.25,0.00
"11/10/2024 10:35:00","NPX",61845,21.55,0.85,0.00
"11/10/2024 10:35:00","O H",61846,19.08,-1.61,0.00
"11/10/2024 10:35:00","PJM",61847,20.61,-0.08,0.00
"11/10/2024 10:35:00","WEST",61752,19.46,-1.24,0.00
"11/10/2024 10:40:00","CAPITL",61757,21.66,0.89,0.00
"11/10/2024 10:40:00","CENTRL",61754,20.27,-0.50,0.00
"11/10/2024 10:40:00","DUNWOD",61760,21.99,1.22,0.00
"11/10/2024 10:40:00","GENESE",61753,19.66,-1.10,0.00
"11/10/2024 10:40:00","H Q",61844,20.79,0.02,0.00
"11/10/2024 10:40:00","HUD VL",61758,21.80,1.04,0.00
"11/10/2024 10:40:00","LONGIL",61762,22.41,1.64,0.00
"11/10/2024 10:40:00","MHK VL",61756,21.03,0.27,0.00
"11/10/2024 10:40:00","MILLWD",61759,21.95,1.18,0.00
"11/10/2024 10:40:00","N.Y.C.",61761,22.10,1.33,0.00
"11/10/2024 10:40:00","NORTH",61755,20.99,0.23,0.00
"11/10/2024 10:40:00","NPX",61845,21.64,0.87,0.00
"11/10/2024 10:40:00","O H",61846,19.08,-1.68,0.00
"11/10/2024 10:40:00","PJM",61847,20.66,-0.10,0.00
"11/10/2024 10:40:00","WEST",61752,19.46,-1.31,0.00
"11/10/2024 10:45:00","CAPITL",61757,21.70,0.89,0.00
"11/10/2024 10:45:00","CENTRL",61754,20.33,-0.48,0.00
"11/10/2024 10:45:00","DUNWOD",61760,22.02,1.21,0.00
"11/10/2024 10:45:00","GENESE",61753,19.71,-1.10,0.00
"11/10/2024 10:45:00","H Q",61844,20.83,0.02,0.00
"11/10/2024 10:45:00","HUD VL",61758,21.83,1.02,0.00
"11/10/2024 10:45:00","LONGIL",61762,22.43,1.62,0.00
"11/10/2024 10:45:00","MHK VL",61756,21.08,0.27,0.00
"11/10/2024 10:45:00","MILLWD",61759,21.97,1.16,0.00
"11/10/2024 10:45:00","N.Y.C.",61761,22.12,1.31,0.00
"11/10/2024 10:45:00","NORTH",61755,21.02,0.21,0.00
"11/10/2024 10:45:00","NPX",61845,21.66,0.85,0.00
"11/10/2024 10:45:00","O H",61846,19.12,-1.68,0.00
"11/10/2024 10:45:00","PJM",61847,20.71,-0.10,0.00
"11/10/2024 10:45:00","WEST",61752,19.52,-1.29,0.00
"11/10/2024 10:50:00","CAPITL",61757,22.24,0.90,0.00
"11/10/2024 10:50:00","CENTRL",61754,20.85,-0.49,0.00
"11/10/2024 10:50:00","DUNWOD",61760,22.56,1.22,0.00
"11/10/2024 10:50:00","GENESE",61753,20.25,-1.09,0.00
"11/10/2024 10:50:00","H Q",61844,21.36,0.02,0.00
"11/10/2024 10:50:00","HUD VL",61758,22.39,1.05,0.00
"11/10/2024 10:50:00","LONGIL",61762,22.99,1.64,0.00
"11/10/2024 10:50:00","MHK VL",61756,21.64,0.30,0.00
"11/10/2024 10:50:00","MILLWD",61759,22.52,1.17,0.00
"11/10/2024 10:50:00","N.Y.C.",61761,22.69,1.35,0.00
"11/10/2024 10:50:00","NORTH",61755,21.58,0.24,0.00
"11/10/2024 10:50:00","NPX",61845,22.95,0.88,-0.73
"11/10/2024 10:50:00","O H",61846,19.68,-1.66,0.00
"11/10/2024 10:50:00","PJM",61847,21.24,-0.11,0.00
"11/10/2024 10:50:00","WEST",61752,20.06,-1.28,0.00
"11/10/2024 10:55:00","CAPITL",61757,24.18,0.97,0.00
"11/10/2024 10:55:00","CENTRL",61754,22.70,-0.51,0.00
"11/10/2024 10:55:00","DUNWOD",61760,24.51,1.30,0.00
"11/10/2024 10:55:00","GENESE",61753,22.05,-1.16,0.00
"11/10/2024 10:55:00","H Q",61844,23.23,0.02,0.00
"11/10/2024 10:55:00","HUD VL",61758,24.32,1.11,0.00
"11/10/2024 10:55:00","LONGIL",61762,24.97,1.76,0.00
"11/10/2024 10:55:00","MHK VL",61756,23.56,0.35,0.00
"11/10/2024 10:55:00","MILLWD",61759,24.46,1.25,0.00
"11/10/2024 10:55:00","N.Y.C.",61761,24.62,1.42,0.00
"11/10/2024 10:55:00","NORTH",61755,23.46,0.26,0.00
"11/10/2024 10:55:00","NPX",61845,24.89,0.95,-0.73
"11/10/2024 10:55:00","O H",61846,21.44,-1.76,0.00
"11/10/2024 10:55:00","PJM",61847,23.12,-0.09,0.00
"11/10/2024 10:55:00","WEST",61752,21.86,-1.35,0.00
"11/10/2024 11:00:00","CAPITL",61757,26.05,1.00,0.00
"11/10/2024 11:00:00","CENTRL",61754,24.57,-0.48,0.00
"11/10/2024 11:00:00","DUNWOD",61760,26.42,1.38,0.00
"11/10/2024 11:00:00","GENESE",61753,23.94,-1.10,0.00
"11/10/2024 11:00:00","H Q",61844,25.07,0.03,0.00
"11/10/2024 11:00:00","HUD VL",61758,26.22,1.18,0.00
"11/10/2024 11:00:00","LONGIL",61762,26.92,1.88,0.00
"11/10/2024 11:00:00","MHK VL",61756,25.44,0.40,0.00
"11/10/2024 11:00:00","MILLWD",61759,26.37,1.33,0.00
"11/10/2024 11:00:00","N.Y.C.",61761,26.57,1.53,0.00
"11/10/2024 11:00:00","NORTH",61755,25.32,0.28,0.00
"11/10/2024 11:00:00","NPX",61845,26.70,0.93,-0.73
"11/10/2024 11:00:00","O H",61846,23.37,-1.68,0.00
"11/10/2024 11:00:00","PJM",61847,25.04,0.00,0.00
"11/10/2024 11:00:00","WEST",61752,23.84,-1.20,0.00
"11/10/2024 11:05:00","CAPITL",61757,29.32,1.10,0.00
"11/10/2024 11:05:00","CENTRL",61754,27.74,-0.48,0.00
"11/10/2024 11:05:00","DUNWOD",61760,29.77,1.55,0.00
"11/10/2024 11:05:00","GENESE",61753,27.12,-1.10,0.00
"11/10/2024 11:05:00","H Q",61844,28.24,0.03,0.00
"11/10/2024 11:05:00","HUD VL",61758,29.54,1.33,0.00
"11/10/2024 11:05:00","LONGIL",61762,30.30,2.09,0.00
"11/10/2024 11:05:00","MHK VL",61756,28.67,0.45,0.00
"11/10/2024 11:05:00","MILLWD",61759,29.71,1.49,0.00
"11/10/2024 11:05:00","N.Y.C.",61761,29.91,1.69,0.00
"11/10/2024 11:05:00","NORTH",61755,28.53,0.31,0.00
"11/10/2024 11:05:00","NPX",61845,28.44,0.93,0.70
"11/10/2024 11:05:00","O H",61846,26.52,-1.69,0.00
"11/10/2024 11:05:00","PJM",61847,28.27,0.06,0.00
"11/10/2024 11:05:00","WEST",61752,27.06,-1.16,0.00
"11/10/2024 11:10:00","CAPITL",61757,31.02,1.11,0.00
"11/10/2024 11:10:00","CENTRL",61754,29.47,-0.45,0.00
"11/10/2024 11:10:00","DUNWOD",61760,31.50,1.58,0.00
"11/10/2024 11:10:00","GENESE",61753,28.75,-1.17,0.00
"11/10/2024 11:10:00","H Q",61844,29.98,0.06,0.00
"11/10/2024 11:10:00","HUD VL",61758,31.26,1.35,0.00
"11/10/2024 11:10:00","LONGIL",61762,32.01,2.09,0.00
"11/10/2024 11:10:00","MHK VL",61756,30.45,0.54,0.00
"11/10/2024 11:10:00","MILLWD",61759,31.44,1.52,0.00
"11/10/2024 11:10:00","N.Y.C.",61761,31.65,1.73,0.00
"11/10/2024 11:10:00","NORTH",61755,30.33,0.42,0.00
"11/10/2024 11:10:00","NPX",61845,30.17,0.96,0.70
"11/10/2024 11:10:00","O H",61846,28.09,-1.83,0.00
"11/10/2024 11:10:00","PJM",61847,29.98,0.06,0.00
"11/10/2024 11:10:00","WEST",61752,28.66,-1.26,0.00
"11/10/2024 11:15:00","CAPITL",61757,30.78,1.10,0.00
"11/10/2024 11:15:00","CENTRL",61754,29.23,-0.44,0.00
"11/10/2024 11:15:00","DUNWOD",61760,31.25,1.57,0.00
"11/10/2024 11:15:00","GENESE",61753,28.49,-1.19,0.00
"11/10/2024 11:15:00","H Q",61844,29.74,0.06,0.00
"11/10/2024 11:15:00","HUD VL",61758,31.02,1.34,0.00
"11/10/2024 11:15:00","LONGIL",61762,31.70,2.02,0.00
"11/10/2024 11:15:00","MHK VL",61756,30.21,0.53,0.00
"11/10/2024 11:15:00","MILLWD",61759,31.19,1.51,0.00
"11/10/2024 11:15:00","N.Y.C.",61761,31.40,1.72,0.00
"11/10/2024 11:15:00","NORTH",61755,30.09,0.42,0.00
"11/10/2024 11:15:00","NPX",61845,29.90,0.92,0.70
"11/10/2024 11:15:00","O H",61846,27.78,-1.90,0.00
"11/10/2024 11:15:00","PJM",61847,29.74,0.06,0.00
"11/10/2024 11:15:00","WEST",61752,28.37,-1.31,0.00
"11/10/2024 11:20:00","CAPITL",61757,30.46,1.09,0.00
"11/10/2024 11:20:00","CENTRL",61754,28.90,-0.47,0.00
"11/10/2024 11:20:00","DUNWOD",61760,30.92,1.56,0.00
"11/10/2024 11:20:00","GENESE",61753,28.22,-1.15,0.00
"11/10/2024 11:20:00","H Q",61844,29.46,0.09,0.00
"11/10/2024 11:20:00","HUD VL",61758,30.69,1.32,0.00
"11/10/2024 11:20:00","LONGIL",61762,31.34,1.97,0.00
"11/10/2024 11:20:00","MHK VL",61756,29.87,0.50,0.00
"11/10/2024 11:20:00","MILLWD",61759,30.87,1.50,0.00
"11/10/2024 11:20:00","N.Y.C.",61761,31.07,1.70,0.00
"11/10/2024 11:20:00","NORTH",61755,29.84,0.47,0.00
"11/10/2024 11:20:00","NPX",61845,30.22,0.85,0.00
"11/10/2024 11:20:00","O H",61846,27.52,-1.85,0.00
"11/10/2024 11:20:00","PJM",61847,29.43,0.06,0.00
"11/10/2024 11:20:00","WEST",61752,28.11,-1.26,0.00
"11/10/2024 11:25:00","CAPITL",61757,31.40,1.12,0.00
"11/10/2024 11:25:00","CENTRL",61754,29.79,-0.49,0.00
"11/10/2024 11:25:00","DUNWOD",61760,31.88,1.60,0.00
"11/10/2024 11:25:00","GENESE",61753,28.98,-1.30,0.00
"11/10/2024 11:25:00","H Q",61844,30.37,0.09,0.00
"11/10/2024 11:25:00","HUD VL",61758,31.64,1.36,0.00
"11/10/2024 11:25:00","LONGIL",61762,32.34,2.06,0.00
"11/10/2024 11:25:00","MHK VL",61756,30.79,0.51,0.00
"11/10/2024 11:25:00","MILLWD",61759,31.82,1.54,0.00
"11/10/2024 11:25:00","N.Y.C.",61761,32.04,1.76,0.00
"11/10/2024 11:25:00","NORTH",61755,30.76,0.48,0.00
"11/10/2024 11:25:00","NPX",61845,31.16,0.88,0.00
"11/10/2024 11:25:00","O H",61846,28.16,-2.12,0.00
"11/10/2024 11:25:00","PJM",61847,30.28,0.00,0.00
"11/10/2024 11:25:00","WEST",61752,28.80,-1.48,0.00
"11/10/2024 11:30:00","CAPITL",61757,32.03,1.17,0.00
"11/10/2024 11:30:00","CENTRL",61754,30.40,-0.46,0.00
"11/10/2024 11:30:00","DUNWOD",61760,32.49,1.63,0.00
"11/10/2024 11:30:00","GENESE",61753,29.56,-1.29,0.00
"11/10/2024 11:30:00","H Q",61844,30.95,0.09,0.00
"11/10/2024 11:30:00","HUD VL",61758,32.25,1.39,0.00
"11/10/2024 11:30:00","LONGIL",61762,32.86,2.00,0.00
"11/10/2024 11:30:00","MHK VL",61756,31.41,0.56,0.00
"11/10/2024 11:30:00","MILLWD",61759,32.43,1.57,0.00
"11/10/2024 11:30:00","N.Y.C.",61761,32.65,1.79,0.00
"11/10/2024 11:30:00","NORTH",61755,31.32,0.46,0.00
"11/10/2024 11:30:00","NPX",61845,31.72,0.86,0.00
"11/10/2024 11:30:00","O H",61846,28.76,-2.10,0.00
"11/10/2024 11:30:00","PJM",61847,30.86,0.00,0.00
"11/10/2024 11:30:00","WEST",61752,29.38,-1.48,0.00
"11/10/2024 11:35:00","CAPITL",61757,32.03,1.14,0.00
"11/10/2024 11:35:00","CENTRL",61754,30.43,-0.46,0.00
"11/10/2024 11:35:00","DUNWOD",61760,32.46,1.57,0.00
"11/10/2024 11:35:00","GENESE",61753,29.62,-1.27,0.00
"11/10/2024 11:35:00","H Q",61844,31.01,0.12,0.00
"11/10/2024 11:35:00","HUD VL",61758,32.25,1.36,0.00
"11/10/2024 11:35:00","LONGIL",61762,32.87,1.98,0.00
"11/10/2024 11:35:00","MHK VL",61756,31.47,0.59,0.00
"11/10/2024 11:35:00","MILLWD",61759,32.40,1.51,0.00
"11/10/2024 11:35:00","N.Y.C.",61761,32.62,1.73,0.00
"11/10/2024 11:35:00","NORTH",61755,31.44,0.56,0.00
"11/10/2024 11:35:00","NPX",61845,31.69,0.80,0.00
"11/10/2024 11:35:00","O H",61846,28.82,-2.07,0.00
"11/10/2024 11:35:00","PJM",61847,30.86,-0.03,0.00
"11/10/2024 11:35:00","WEST",61752,29.44,-1.45,0.00
"11/10/2024 11:40:00","CAPITL",61757,32.88,1.11,0.00
"11/10/2024 11:40:00","CENTRL",61754,31.32,-0.44,0.00
"11/10/2024 11:40:00","DUNWOD",61760,33.26,1.49,0.00
"11/10/2024 11:40:00","GENESE",61753,30.56,-1.21,0.00
"11/10/2024 11:40:00","H Q",61844,31.93,0.16,0.00
"11/10/2024 11:40:00","HUD VL",61758,33.04,1.27,0.00
"11/10/2024 11:40:00","LONGIL",61762,33.64,1.87,0.00
"11/10/2024 11:40:00","MHK VL",61756,32.34,0.57,0.00
"11/10/2024 11:40:00","MILLWD",61759,33.20,1.43,0.00
"11/10/2024 11:40:00","N.Y.C.",61761,33.42,1.65,0.00
"11/10/2024 11:40:00","NORTH",61755,32.40,0.64,0.00
"11/10/2024 11:40:00","NPX",61845,32.53,0.76,0.00
"11/10/2024 11:40:00","O H",61846,29.77,-2.00,0.00
"11/10/2024 11:40:00","PJM",61847,31.67,-0.10,0.00
"11/10/2024 11:40:00","WEST",61752,30.40,-1.37,0.00
"11/10/2024 11:45:00","CAPITL",61757,31.49,1.04,0.00
"11/10/2024 11:45:00","CENTRL",61754,29.97,-0.49,0.00
"11/10/2024 11:45:00","DUNWOD",61760,31.92,1.46,0.00
"11/10/2024 11:45:00","GENESE",61753,29.42,-1.04,0.00
"11/10/2024 11:45:00","H Q",61844,30.64,0.18,0.00
"11/10/2024 11:45:00","HUD VL",61758,31.70,1.25,0.00
"11/10/2024 11:45:00","LONGIL",61762,32.34,1.89,0.00
"11/10/2024 11:45:00","MHK VL",61756,30.97,0.52,0.00
"11/10/2024 11:45:00","MILLWD",61759,31.86,1.40,0.00
"11/10/2024 11:45:00","N.Y.C.",61761,32.07,1.61,0.00
"11/10/2024 11:45:00","NORTH",61755,31.12,0.67,0.00
"11/10/2024 11:45:00","NPX",61845,31.12,0.67,0.00
"11/10/2024 11:45:00","O H",61846,28.75,-1.70,0.00
"11/10/2024 11:45:00","PJM",61847,30.36,-0.09,0.00
"11/10/2024 11:45:00","WEST",61752,29.33,-1.13,0.00
"11/10/2024 11:50:00","CAPITL",61757,30.87,0.98,0.00
"11/10/2024 11:50:00","CENTRL",61754,29.40,-0.48,0.00
"11/10/2024 11:50:00","DUNWOD",61760,31.35,1.46,0.00
"11/10/2024 11:50:00","GENESE",61753,28.84,-1.05,0.00
"11/10/2024 11:50:00","H Q",61844,30.06,0.18,0.00
"11/10/2024 11:50:00","HUD VL",61758,31.11,1.23,0.00
"11/10/2024 11:50:00","LONGIL",61762,31.71,1.82,0.00
"11/10/2024 11:50:00","MHK VL",61756,30.42,0.54,0.00
"11/10/2024 11:50:00","MILLWD",61759,31.26,1.38,0.00
"11/10/2024 11:50:00","N.Y.C.",61761,31.50,1.61,0.00
"11/10/2024 11:50:00","NORTH",61755,30.54,0.66,0.00
"11/10/2024 11:50:00","NPX",61845,30.51,0.63,0.00
"11/10/2024 11:50:00","O H",61846,28.15,-1.73,0.00
"11/10/2024 11:50:00","PJM",61847,29.76,-0.12,0.00
"11/10/2024 11:50:00","WEST",61752,28.72,-1.17,0.00
"11/10/2024 11:55:00","CAPITL",61757,32.06,1.02,0.00
"11/10/2024 11:55:00","CENTRL",61754,30.61,-0.43,0.00
"11/10/2024 11:55:00","DUNWOD",61760,32.53,1.49,0.00
"11/10/2024 11:55:00","GENESE",61753,30.08,-0.96,0.00
"11/10/2024 11:55:00","H Q",61844,31.23,0.19,0.00
"11/10/2024 11:55:00","HUD VL",61758,32.31,1.27,0.00
"11/10/2024 11:55:00","LONGIL",61762,32.90,1.86,0.00
"11/10/2024 11:55:00","MHK VL",61756,31.63,0.59,0.00
"11/10/2024 11:55:00","MILLWD",61759,32.47,1.43,0.00
"11/10/2024 11:55:00","N.Y.C.",61761,32.68,1.64,0.00
"11/10/2024 11:55:00","NORTH",61755,31.72,0.68,0.00
"11/10/2024 11:55:00","NPX",61845,31.66,0.62,0.00
"11/10/2024 11:55:00","O H",61846,29.39,-1.65,0.00
"11/10/2024 11:55:00","PJM",61847,30.98,-0.06,0.00
"11/10/2024 11:55:00","WEST",61752,30.02,-1.02,0.00
"11/10/2024 12:00:00","CAPITL",61757,24.78,0.77,0.00
"11/10/2024 12:00:00","CENTRL",61754,23.70,-0.31,0.00
"11/10/2024 12:00:00","DUNWOD",61760,25.19,1.18,0.00
"11/10/2024 12:00:00","GENESE",61753,23.27,-0.74,0.00
"11/10/2024 12:00:00","H Q",61844,24.16,0.14,0.00
"11/10/2024 12:00:00","HUD VL",61758,25.02,1.01,0.00
"11/10/2024 12:00:00","LONGIL",61762,25.53,1.51,0.00
"11/10/2024 12:00:00","MHK VL",61756,24.50,0.48,0.00
"11/10/2024 12:00:00","MILLWD",61759,25.14,1.13,0.00
"11/10/2024 12:00:00","N.Y.C.",61761,25.34,1.32,0.00
"11/10/2024 12:00:00","NORTH",61755,24.54,0.53,0.00
"11/10/2024 12:00:00","NPX",61845,24.57,0.55,0.00
"11/10/2024 12:00:00","O H",61846,22.77,-1.25,0.00
"11/10/2024 12:00:00","PJM",61847,24.02,0.00,0.00
"11/10/2024 12:00:00","WEST",61752,23.25,-0.77,0.00
"11/10/2024 12:05:00","CAPITL",61757,23.86,0.76,0.00
"11/10/2024 12:05:00","CENTRL",61754,22.68,-0.42,0.00
"11/10/2024 12:05:00","DUNWOD",61760,24.28,1.18,0.00
"11/10/2024 12:05:00","GENESE",61753,22.27,-0.83,0.00
"11/10/2024 12:05:00","H Q",61844,23.24,0.14,0.00
"11/10/2024 12:05:00","HUD VL",61758,24.11,1.02,0.00
"11/10/2024 12:05:00","LONGIL",61762,24.60,1.50,0.00
"11/10/2024 12:05:00","MHK VL",61756,23.54,0.44,0.00
"11/10/2024 12:05:00","MILLWD",61759,24.23,1.13,0.00
"11/10/2024 12:05:00","N.Y.C.",61761,24.42,1.32,0.00
"11/10/2024 12:05:00","NORTH",61755,23.61,0.51,0.00
"11/10/2024 12:05:00","NPX",61845,23.72,0.62,0.00
"11/10/2024 12:05:00","O H",61846,21.69,-1.41,0.00
"11/10/2024 12:05:00","PJM",61847,22.98,-0.11,0.00
"11/10/2024 12:05:00","WEST",61752,22.15,-0.95,0.00
"11/10/2024 12:10:00","CAPITL",61757,24.71,0.81,0.00
"11/10/2024 12:10:00","CENTRL",61754,23.46,-0.43,0.00
"11/10/2024 12:10:00","DUNWOD",61760,25.18,1.29,0.00
"11/10/2024 12:10:00","GENESE",61753,23.03,-0.86,0.00
"11/10/2024 12:10:00","H Q",61844,24.01,0.12,0.00
"11/10/2024 12:10:00","HUD VL",61758,24.99,1.10,0.00
"11/10/2024 12:10:00","LONGIL",61762,25.47,1.58,0.00
"11/10/2024 12:10:00","MHK VL",61756,24.40,0.50,0.00
"11/10/2024 12:10:00","MILLWD",61759,25.11,1.22,0.00
"11/10/2024 12:10:00","N.Y.C.",61761,25.30,1.41,0.00
"11/10/2024 12:10:00","NORTH",61755,24.42,0.52,0.00
"11/10/2024 12:10:00","NPX",61845,24.56,0.67,0.00
"11/10/2024 12:10:00","O H",61846,22.39,-1.50,0.00
"11/10/2024 12:10:00","PJM",61847,23.77,-0.12,0.00
"11/10/2024 12:10:00","WEST",61752,22.87,-1.03,0.00
"11/10/2024 12:15:00","CAPITL",61757,23.84,0.78,0.00
"11/10/2024 12:15:00","CENTRL",61754,22.73,-0.32,0.00
"11/10/2024 12:15:00","DUNWOD",61760,24.30,1.24,0.00
"11/10/2024 12:15:00","GENESE",61753,22.25,-0.81,0.00
"11/10/2024 12:15:00","H Q",61844,23.15,0.09,0.00
"11/10/2024 12:15:00","HUD VL",61758,24.12,1.06,0.00
"11/10/2024 12:15:00","LONGIL",61762,24.60,1.54,0.00
"11/10/2024 12:15:00","MHK VL",61756,23.54,0.48,0.00
"11/10/2024 12:15:00","MILLWD",61759,24.23,1.18,0.00
"11/10/2024 12:15:00","N.Y.C.",61761,24.42,1.36,0.00
"11/10/2024 12:15:00","NORTH",61755,23.49,0.44,0.00
"11/10/2024 12:15:00","NPX",61845,23.70,0.64,0.00
"11/10/2024 12:15:00","O H",61846,21.67,-1.38,0.00
"11/10/2024 12:15:00","PJM",61847,23.01,-0.05,0.00
"11/10/2024 12:15:00","WEST",61752,22.13,-0.92,0.00
"11/10/2024 12:20:00","CAPITL",61757,24.73,0.84,0.00
"11/10/2024 12:20:00","CENTRL",61754,23.58,-0.31,0.00
"11/10/2024 12:20:00","DUNWOD",61760,25.16,1.27,0.00
"11/10/2024 12:20:00","GENESE",61753,23.06,-0.84,0.00
"11/10/2024 12:20:00","H Q",61844,23.96,0.07,0.00
"11/10/2024 12:20:00","HUD VL",61758,24.97,1.08,0.00
"11/10/2024 12:20:00","LONGIL",61762,25.49,1.60,0.00
"11/10/2024 12:20:00","MHK VL",61756,24.40,0.50,0.00
"11/10/2024 12:20:00","MILLWD",61759,25.11,1.22,0.00
"11/10/2024 12:20:00","N.Y.C.",61761,25.28,1.39,0.00
"11/10/2024 12:20:00","NORTH",61755,24.35,0.45,0.00
"11/10/2024 12:20:00","NPX",61845,24.56,0.67,0.00
"11/10/2024 12:20:00","O H",61846,22.43,-1.46,0.00
"11/10/2024 12:20:00","PJM",61847,23.87,-0.02,0.00
"11/10/2024 12:20:00","WEST",61752,22.91,-0.98,0.00
"11/10/2024 12:25:00","CAPITL",61757,26.40,0.89,0.00
"11/10/2024 12:25:00","CENTRL",61754,25.17,-0.33,0.00
"11/10/2024 12:25:00","DUNWOD",61760,26.83,1.33,0.00
"11/10/2024 12:25:00","GENESE",61753,24.69,-0.82,0.00
"11/10/2024 12:25:00","H Q",61844,25.58,0.08,0.00
"11/10/2024 12:25:00","HUD VL",61758,26.63,1.12,0.00
"11/10/2024 12:25:00","LONGIL",61762,27.19,1.68,0.00
"11/10/2024 12:25:00","MHK VL",61756,26.07,0.56,0.00
"11/10/2024 12:25:00","MILLWD",61759,26.78,1.27,0.00
"11/10/2024 12:25:00","N.Y.C.",61761,26.96,1.45,0.00
"11/10/2024 12:25:00","NORTH",61755,25.99,0.48,0.00
"11/10/2024 12:25:00","NPX",61845,26.19,0.69,0.00
"11/10/2024 12:25:00","O H",61846,24.05,-1.45,0.00
"11/10/2024 12:25:00","PJM",61847,25.50,0.00,0.00
"11/10/2024 12:25:00","WEST",61752,24.59,-0.92,0.00
"11/10/2024 12:30:00","CAPITL",61757,26.48,0.90,0.00
"11/10/2024 12:30:00","CENTRL",61754,25.25,-0.33,0.00
"11/10/2024 12:30:00","DUNWOD",61760,26.87,1.28,0.00
"11/10/2024 12:30:00","GENESE",61753,24.72,-0.87,0.00
"11/10/2024 12:30:00","H Q",61844,25.69,0.10,0.00
"11/10/2024 12:30:00","HUD VL",61758,26.69,1.10,0.00
"11/10/2024 12:30:00","LONGIL",61762,27.23,1.64,0.00
"11/10/2024 12:30:00","MHK VL",61756,26.18,0.59,0.00
"11/10/2024 12:30:00","MILLWD",61759,26.81,1.23,0.00
"11/10/2024 12:30:00","N.Y.C.",61761,27.02,1.43,0.00
"11/10/2024 12:30:00","NORTH",61755,26.10,0.51,0.00
"11/10/2024 12:30:00","NPX",61845,26.28,0.69,0.00
"11/10/2024 12:30:00","O H",61846,24.05,-1.53,0.00
"11/10/2024 12:30:00","PJM",61847,25.54,-0.05,0.00
"11/10/2024 12:30:00","WEST",61752,24.56,-1.02,0.00
"11/10/2024 12:35:00","CAPITL",61757,30.90,1.04,0.00
"11/10/2024 12:35:00","CENTRL",61754,29.40,-0.45,0.00
"11/10/2024 12:35:00","DUNWOD",61760,31.31,1.46,0.00
"11/10/2024 12:35:00","GENESE",61753,28.84,-1.02,0.00
"11/10/2024 12:35:00","H Q",61844,30.00,0.15,0.00
"11/10/2024 12:35:00","HUD VL",61758,31.10,1.25,0.00
"11/10/2024 12:35:00","LONGIL",61762,31.67,1.82,0.00
"11/10/2024 12:35:00","MHK VL",61756,30.51,0.66,0.00
"11/10/2024 12:35:00","MILLWD",61759,31.25,1.40,0.00
"11/10/2024 12:35:00","N.Y.C.",61761,31.49,1.64,0.00
"11/10/2024 12:35:00","NORTH",61755,30.48,0.63,0.00
"11/10/2024 12:35:00","NPX",61845,30.69,0.83,0.00
"11/10/2024 12:35:00","O H",61846,28.06,-1.79,0.00
"11/10/2024 12:35:00","PJM",61847,29.70,-0.15,0.00
"11/10/2024 12:35:00","WEST",61752,28.63,-1.23,0.00
"11/10/2024 12:40:00","CAPITL",61757,29.53,0.94,0.00
"11/10/2024 12:40:00","CENTRL",61754,28.19,-0.40,0.00
"11/10/2024 12:40:00","DUNWOD",61760,29.99,1.40,0.00
"11/10/2024 12:40:00","GENESE",61753,27.68,-0.92,0.00
"11/10/2024 12:40:00","H Q",61844,28.73,0.14,0.00
"11/10/2024 12:40:00","HUD VL",61758,29.79,1.20,0.00
"11/10/2024 12:40:00","LONGIL",61762,30.36,1.77,0.00
"11/10/2024 12:40:00","MHK VL",61756,29.25,0.66,0.00
"11/10/2024 12:40:00","MILLWD",61759,29.94,1.34,0.00
"11/10/2024 12:40:00","N.Y.C.",61761,30.13,1.54,0.00
"11/10/2024 12:40:00","NORTH",61755,29.19,0.60,0.00
"11/10/2024 12:40:00","NPX",61845,29.36,0.77,0.00
"11/10/2024 12:40:00","O H",61846,26.93,-1.66,0.00
"11/10/2024 12:40:00","PJM",61847,28.48,-0.11,0.00
"11/10/2024 12:40:00","WEST",61752,27.48,-1.12,0.00
"11/10/2024 12:45:00","CAPITL",61757,30.77,0.98,0.00
"11/10/2024 12:45:00","CENTRL",61754,29.43,-0.36,0.00
"11/10/2024 12:45:00","DUNWOD",61760,31.22,1.43,0.00
"11/10/2024 12:45:00","GENESE",61753,28.83,-0.95,0.00
"11/10/2024 12:45:00","H Q",61844,29.94,0.15,0.00
"11/10/2024 12:45:00","HUD VL",61758,31.01,1.22,0.00
"11/10/2024 12:45:00","LONGIL",61762,31.54,1.76,0.00
"11/10/2024 12:45:00","MHK VL",61756,30.50,0.71,0.00
"11/10/2024 12:45:00","MILLWD",61759,31.16,1.37,0.00
"11/10/2024 12:45:00","N.Y.C.",61761,31.39,1.61,0.00
"11/10/2024 12:45:00","NORTH",61755,30.41,0.63,0.00
"11/10/2024 12:45:00","NPX",61845,30.59,0.80,0.00
"11/10/2024 12:45:00","O H",61846,28.06,-1.73,0.00
"11/10/2024 12:45:00","PJM",61847,29.70,-0.09,0.00
"11/10/2024 12:45:00","WEST",61752,28.65,-1.13,0.00
"11/10/2024 12:50:00","CAPITL",61757,30.74,1.01,0.00
"11/10/2024 12:50:00","CENTRL",61754,29.37,-0.36,0.00
"11/10/2024 12:50:00","DUNWOD",61760,31.12,1.40,0.00
"11/10/2024 12:50:00","GENESE",61753,28.80,-0.92,0.00
"11/10/2024 12:50:00","H Q",61844,29.87,0.15,0.00
"11/10/2024 12:50:00","HUD VL",61758,30.92,1.19,0.00
"11/10/2024 12:50:00","LONGIL",61762,31.42,1.69,0.00
"11/10/2024 12:50:00","MHK VL",61756,30.47,0.74,0.00
"11/10/2024 12:50:00","MILLWD",61759,31.06,1.34,0.00
"11/10/2024 12:50:00","N.Y.C.",61761,31.27,1.54,0.00
"11/10/2024 12:50:00","NORTH",61755,30.35,0.63,0.00
"11/10/2024 12:50:00","NPX",61845,30.53,0.80,0.00
"11/10/2024 12:50:00","O H",61846,28.06,-1.66,0.00
"11/10/2024 12:50:00","PJM",61847,29.64,-0.09,0.00
"11/10/2024 12:50:00","WEST",61752,28.66,-1.07,0.00
"11/10/2024 12:55:00","CAPITL",61757,28.98,0.98,0.00
"11/10/2024 12:55:00","CENTRL",61754,27.61,-0.39,0.00
"11/10/2024 12:55:00","DUNWOD",61760,29.37,1.37,0.00
"11/10/2024 12:55:00","GENESE",61753,27.02,-0.98,0.00
"11/10/2024 12:55:00","H Q",61844,28.14,0.14,0.00
"11/10/2024 12:55:00","HUD VL",61758,29.15,1.15,0.00
"11/10/2024 12:55:00","LONGIL",61762,29.62,1.62,0.00
"11/10/2024 12:55:00","MHK VL",61756,28.70,0.70,0.00
"11/10/2024 12:55:00","MILLWD",61759,29.29,1.29,0.00
"11/10/2024 12:55:00","N.Y.C.",61761,29.51,1.51,0.00
"11/10/2024 12:55:00","NORTH",61755,28.59,0.59,0.00
"11/10/2024 12:55:00","NPX",61845,28.78,0.78,0.00
"11/10/2024 12:55:00","O H",61846,26.27,-1.74,0.00
"11/10/2024 12:55:00","PJM",61847,27.86,-0.14,0.00
"11/10/2024 12:55:00","WEST",61752,26.80,-1.20,0.00
"11/10/2024 13:00:00","CAPITL",61757,39.68,1.38,0.00
"11/10/2024 13:00:00","CENTRL",61754,37.76,-0.54,0.00
"11/10/2024 13:00:00","DUNWOD",61760,40.10,1.80,0.00
"11/10/2024 13:00:00","GENESE",61753,37.04,-1.26,0.00
"11/10/2024 13:00:00","H Q",61844,38.45,0.15,0.00
"11/10/2024 13:00:00","HUD VL",61758,39.83,1.53,0.00
"11/10/2024 13:00:00","LONGIL",61762,40.44,2.14,0.00
"11/10/2024 13:00:00","MHK VL",61756,39.26,0.96,0.00
"11/10/2024 13:00:00","MILLWD",61759,40.02,1.73,0.00
"11/10/2024 13:00:00","N.Y.C.",61761,40.33,2.03,0.00
"11/10/2024 13:00:00","NORTH",61755,39.10,0.81,0.00
"11/10/2024 13:00:00","NPX",61845,39.37,1.07,0.00
"11/10/2024 13:00:00","O H",61846,36.00,-2.30,0.00
"11/10/2024 13:00:00","PJM",61847,38.11,-0.19,0.00
"11/10/2024 13:00:00","WEST",61752,36.73,-1.57,0.00
"11/10/2024 13:05:00","CAPITL",61757,39.28,1.36,0.00
"11/10/2024 13:05:00","CENTRL",61754,37.39,-0.53,0.00
"11/10/2024 13:05:00","DUNWOD",61760,39.66,1.75,0.00
"11/10/2024 13:05:00","GENESE",61753,36.70,-1.21,0.00
"11/10/2024 13:05:00","H Q",61844,38.07,0.15,0.00
"11/10/2024 13:05:00","HUD VL",61758,39.40,1.48,0.00
"11/10/2024 13:05:00","LONGIL",61762,39.81,1.90,0.00
"11/10/2024 13:05:00","MHK VL",61756,38.94,1.02,0.00
"11/10/2024 13:05:00","MILLWD",61759,39.59,1.67,0.00
"11/10/2024 13:05:00","N.Y.C.",61761,39.89,1.97,0.00
"11/10/2024 13:05:00","NORTH",61755,38.72,0.80,0.00
"11/10/2024 13:05:00","NPX",61845,38.98,1.06,0.00
"11/10/2024 13:05:00","O H",61846,35.68,-2.24,0.00
"11/10/2024 13:05:00","PJM",61847,37.73,-0.19,0.00
"11/10/2024 13:05:00","WEST",61752,36.36,-1.56,0.00
"11/10/2024 13:10:00","CAPITL",61757,33.17,1.15,0.00
"11/10/2024 13:10:00","CENTRL",61754,31.60,-0.42,0.00
"11/10/2024 13:10:00","DUNWOD",61760,33.42,1.41,0.00
"11/10/2024 13:10:00","GENESE",61753,30.96,-1.06,0.00
"11/10/2024 13:10:00","H Q",61844,32.18,0.16,0.00
"11/10/2024 13:10:00","HUD VL",61758,33.23,1.22,0.00
"11/10/2024 13:10:00","LONGIL",61762,33.49,1.47,0.00
"11/10/2024 13:10:00","MHK VL",61756,32.91,0.90,0.00
"11/10/2024 13:10:00","MILLWD",61759,33.36,1.34,0.00
"11/10/2024 13:10:00","N.Y.C.",61761,33.58,1.57,0.00
"11/10/2024 13:10:00","NORTH",61755,32.75,0.74,0.00
"11/10/2024 13:10:00","NPX",61845,32.85,0.83,0.00
"11/10/2024 13:10:00","O H",61846,30.10,-1.92,0.00
"11/10/2024 13:10:00","PJM",61847,31.79,-0.22,0.00
"11/10/2024 13:10:00","WEST",61752,30.64,-1.38,0.00
"11/10/2024 13:15:00","CAPITL",61757,33.24,1.15,0.00
"11/10/2024 13:15:00","CENTRL",61754,31.67,-0.42,0.00
"11/10/2024 13:15:00","DUNWOD",61760,33.46,1.38,0.00
"11/10/2024 13:15:00","GENESE",61753,30.99,-1.09,0.00
"11/10/2024 13:15:00","H Q",61844,32.28,0.19,0.00
"11/10/2024 13:15:00","HUD VL",61758,33.27,1.19,0.00
"11/10/2024 13:15:00","LONGIL",61762,33.43,1.35,0.00
"11/10/2024 13:15:00","MHK VL",61756,32.95,0.87,0.00
"11/10/2024 13:15:00","MILLWD",61759,33.40,1.32,0.00
"11/10/2024 13:15:00","N.Y.C.",61761,33.63,1.54,0.00
"11/10/2024 13:15:00","NORTH",61755,32.85,0.77,0.00
"11/10/2024 13:15:00","NPX",61845,32.95,0.87,0.00
"11/10/2024 13:15:00","O H",61846,30.10,-1.99,0.00
"11/10/2024 13:15:00","PJM",61847,31.83,-0.26,0.00
"11/10/2024 13:15:00","WEST",61752,30.64,-1.44,0.00
"11/10/2024 13:20:00","CAPITL",61757,32.77,1.11,0.00
"11/10/2024 13:20:00","CENTRL",61754,31.19,-0.47,0.00
"11/10/2024 13:20:00","DUNWOD",61760,33.06,1.39,0.00
"11/10/2024 13:20:00","GENESE",61753,30.53,-1.14,0.00
"11/10/2024 13:20:00","H Q",61844,31.86,0.19,0.00
"11/10/2024 13:20:00","HUD VL",61758,32.87,1.20,0.00
"11/10/2024 13:20:00","LONGIL",61762,32.97,1.30,0.00
"11/10/2024 13:20:00","MHK VL",61756,32.52,0.86,0.00
"11/10/2024 13:20:00","MILLWD",61759,33.00,1.33,0.00
"11/10/2024 13:20:00","N.Y.C.",61761,33.22,1.55,0.00
"11/10/2024 13:20:00","NORTH",61755,32.40,0.73,0.00
"11/10/2024 13:20:00","NPX",61845,32.55,0.89,0.00
"11/10/2024 13:20:00","O H",61846,29.58,-2.09,0.00
"11/10/2024 13:20:00","PJM",61847,31.35,-0.32,0.00
"11/10/2024 13:20:00","WEST",61752,30.12,-1.55,0.00
"11/10/2024 13:25:00","CAPITL",61757,32.80,1.11,0.00
"11/10/2024 13:25:00","CENTRL",61754,31.22,-0.47,0.00
"11/10/2024 13:25:00","DUNWOD",61760,33.09,1.39,0.00
"11/10/2024 13:25:00","GENESE",61753,30.56,-1.14,0.00
"11/10/2024 13:25:00","H Q",61844,31.89,0.19,0.00
"11/10/2024 13:25:00","HUD VL",61758,32.90,1.20,0.00
"11/10/2024 13:25:00","LONGIL",61762,33.00,1.30,0.00
"11/10/2024 13:25:00","MHK VL",61756,32.58,0.89,0.00
"11/10/2024 13:25:00","MILLWD",61759,33.03,1.33,0.00
"11/10/2024 13:25:00","N.Y.C.",61761,33.25,1.55,0.00
"11/10/2024 13:25:00","NORTH",61755,32.46,0.76,0.00
"11/10/2024 13:25:00","NPX",61845,32.58,0.89,0.00
"11/10/2024 13:25:00","O H",61846,29.60,-2.09,0.00
"11/10/2024 13:25:00","PJM",61847,31.38,-0.32,0.00
"11/10/2024 13:25:00","WEST",61752,30.14,-1.55,0.00
"11/10/2024 13:30:00","CAPITL",61757,33.42,1.16,0.00
"11/10/2024 13:30:00","CENTRL",61754,31.71,-0.55,0.00
"11/10/2024 13:30:00","DUNWOD",61760,33.65,1.39,0.00
"11/10/2024 13:30:00","GENESE",61753,31.07,-1.19,0.00
"11/10/2024 13:30:00","H Q",61844,32.45,0.19,0.00
"11/10/2024 13:30:00","HUD VL",61758,33.45,1.19,0.00
"11/10/2024 13:30:00","LONGIL",61762,33.48,1.23,0.00
"11/10/2024 13:30:00","MHK VL",61756,33.16,0.90,0.00
"11/10/2024 13:30:00","MILLWD",61759,33.58,1.32,0.00
"11/10/2024 13:30:00","N.Y.C.",61761,33.81,1.55,0.00
"11/10/2024 13:30:00","NORTH",61755,33.07,0.81,0.00
"11/10/2024 13:30:00","NPX",61845,33.23,0.97,0.00
"11/10/2024 13:30:00","O H",61846,30.06,-2.19,0.00
"11/10/2024 13:30:00","PJM",61847,31.87,-0.39,0.00
"11/10/2024 13:30:00","WEST",61752,30.61,-1.64,0.00
"11/10/2024 13:35:00","CAPITL",61757,32.56,1.19,0.00
"11/10/2024 13:35:00","CENTRL",61754,30.78,-0.60,0.00
"11/10/2024 13:35:00","DUNWOD",61760,32.72,1.35,0.00
"11/10/2024 13:35:00","GENESE",61753,30.15,-1.22,0.00
"11/10/2024 13:35:00","H Q",61844,31.56,0.19,0.00
"11/10/2024 13:35:00","HUD VL",61758,32.56,1.19,0.00
"11/10/2024 13:35:00","LONGIL",61762,32.47,1.10,0.00
"11/10/2024 13:35:00","MHK VL",61756,32.22,0.85,0.00
"11/10/2024 13:35:00","MILLWD",61759,32.66,1.29,0.00
"11/10/2024 13:35:00","N.Y.C.",61761,32.88,1.51,0.00
"11/10/2024 13:35:00","NORTH",61755,32.16,0.78,0.00
"11/10/2024 13:35:00","NPX",61845,32.38,1.00,0.00
"11/10/2024 13:35:00","O H",61846,29.18,-2.20,0.00
"11/10/2024 13:35:00","PJM",61847,30.90,-0.47,0.00
"11/10/2024 13:35:00","WEST",61752,29.68,-1.69,0.00
"11/10/2024 13:40:00","CAPITL",61757,32.54,1.22,0.00
"11/10/2024 13:40:00","CENTRL",61754,30.69,-0.63,0.00
"11/10/2024 13:40:00","DUNWOD",61760,32.69,1.38,0.00
"11/10/2024 13:40:00","GENESE",61753,30.06,-1.25,0.00
"11/10/2024 13:40:00","H Q",61844,31.51,0.19,0.00
"11/10/2024 13:40:00","HUD VL",61758,32.54,1.22,0.00
"11/10/2024 13:40:00","LONGIL",61762,32.44,1.13,0.00
"11/10/2024 13:40:00","MHK VL",61756,32.16,0.85,0.00
"11/10/2024 13:40:00","MILLWD",61759,32.63,1.32,0.00
"11/10/2024 13:40:00","N.Y.C.",61761,32.85,1.53,0.00
"11/10/2024 13:40:00","NORTH",61755,32.10,0.78,0.00
"11/10/2024 13:40:00","NPX",61845,32.32,1.00,0.00
"11/10/2024 13:40:00","O H",61846,29.06,-2.26,0.00
"11/10/2024 13:40:00","PJM",61847,30.85,-0.47,0.00
"11/10/2024 13:40:00","WEST",61752,29.56,-1.75,0.00
"11/10/2024 13:45:00","CAPITL",61757,33.73,1.27,0.00
"11/10/2024 13:45:00","CENTRL",61754,31.79,-0.68,0.00
"11/10/2024 13:45:00","DUNWOD",61760,33.86,1.40,0.00
"11/10/2024 13:45:00","GENESE",61753,31.14,-1.33,0.00
"11/10/2024 13:45:00","H Q",61844,32.66,0.20,0.00
"11/10/2024 13:45:00","HUD VL",61758,33.70,1.23,0.00
"11/10/2024 13:45:00","LONGIL",61762,33.48,1.01,0.00
"11/10/2024 13:45:00","MHK VL",61756,33.35,0.88,0.00
"11/10/2024 13:45:00","MILLWD",61759,33.80,1.33,0.00
"11/10/2024 13:45:00","N.Y.C.",61761,34.03,1.56,0.00
"11/10/2024 13:45:00","NORTH",61755,33.28,0.81,0.00
"11/10/2024 13:45:00","NPX",61845,33.57,1.10,0.00
"11/10/2024 13:45:00","O H",61846,30.07,-2.40,0.00
"11/10/2024 13:45:00","PJM",61847,31.95,-0.52,0.00
"11/10/2024 13:45:00","WEST",61752,30.62,-1.85,0.00
"11/10/2024 13:50:00","CAPITL",61757,33.73,1.27,0.00
"11/10/2024 13:50:00","CENTRL",61754,31.82,-0.65,0.00
"11/10/2024 13:50:00","DUNWOD",61760,33.80,1.33,0.00
"11/10/2024 13:50:00","GENESE",61753,31.14,-1.33,0.00
"11/10/2024 13:50:00","H Q",61844,32.66,0.20,0.00
"11/10/2024 13:50:00","HUD VL",61758,33.67,1.20,0.00
"11/10/2024 13:50:00","LONGIL",61762,33.35,0.88,0.00
"11/10/2024 13:50:00","MHK VL",61756,33.35,0.88,0.00
"11/10/2024 13:50:00","MILLWD",61759,33.77,1.30,0.00
"11/10/2024 13:50:00","N.Y.C.",61761,33.96,1.49,0.00
"11/10/2024 13:50:00","NORTH",61755,33.25,0.78,0.00
"11/10/2024 13:50:00","NPX",61845,34.62,1.17,-0.99
"11/10/2024 13:50:00","O H",61846,30.10,-2.37,0.00
"11/10/2024 13:50:00","PJM",61847,31.95,-0.52,0.00
"11/10/2024 13:50:00","WEST",61752,30.62,-1.85,0.00
"11/10/2024 13:55:00","CAPITL",61757,34.63,1.33,0.00
"11/10/2024 13:55:00","CENTRL",61754,32.64,-0.67,0.00
"11/10/2024 13:55:00","DUNWOD",61760,34.67,1.37,0.00
"11/10/2024 13:55:00","GENESE",61753,31.90,-1.40,0.00
"11/10/2024 13:55:00","H Q",61844,33.50,0.20,0.00
"11/10/2024 13:55:00","HUD VL",61758,34.53,1.23,0.00
"11/10/2024 13:55:00","LONGIL",61762,34.20,0.90,0.00
"11/10/2024 13:55:00","MHK VL",61756,34.17,0.86,0.00
"11/10/2024 13:55:00","MILLWD",61759,34.60,1.30,0.00
"11/10/2024 13:55:00","N.Y.C.",61761,34.83,1.53,0.00
"11/10/2024 13:55:00","NORTH",61755,34.13,0.83,0.00
"11/10/2024 13:55:00","NPX",61845,35.49,1.20,-0.99
"11/10/2024 13:55:00","O H",61846,30.84,-2.46,0.00
"11/10/2024 13:55:00","PJM",61847,32.73,-0.57,0.00
"11/10/2024 13:55:00","WEST",61752,31.37,-1.93,0.00
"11/10/2024 14:00:00","CAPITL",61757,33.94,1.37,0.00
"11/10/2024 14:00:00","CENTRL",61754,31.89,-0.69,0.00
"11/10/2024 14:00:00","DUNWOD",61760,33.91,1.34,0.00
"11/10/2024 14:00:00","GENESE",61753,31.17,-1.40,0.00
"11/10/2024 14:00:00","H Q",61844,32.77,0.20,0.00
"11/10/2024 14:00:00","HUD VL",61758,33.78,1.21,0.00
"11/10/2024 14:00:00","LONGIL",61762,33.48,0.91,0.00
"11/10/2024 14:00:00","MHK VL",61756,33.42,0.85,0.00
"11/10/2024 14:00:00","MILLWD",61759,33.88,1.30,0.00
"11/10/2024 14:00:00","N.Y.C.",61761,34.07,1.50,0.00
"11/10/2024 14:00:00","NORTH",61755,33.42,0.85,0.00
"11/10/2024 14:00:00","NPX",61845,34.73,1.17,-0.99
"11/10/2024 14:00:00","O H",61846,30.07,-2.51,0.00
"11/10/2024 14:00:00","PJM",61847,31.99,-0.59,0.00
"11/10/2024 14:00:00","WEST",61752,30.62,-1.95,0.00
"11/10/2024 14:05:00","CAPITL",61757,33.90,1.40,0.00
"11/10/2024 14:05:00","CENTRL",61754,31.88,-0.62,0.00
"11/10/2024 14:05:00","DUNWOD",61760,33.80,1.30,0.00
"11/10/2024 14:05:00","GENESE",61753,31.17,-1.33,0.00
"11/10/2024 14:05:00","H Q",61844,32.67,0.16,0.00
"11/10/2024 14:05:00","HUD VL",61758,33.71,1.20,0.00
"11/10/2024 14:05:00","LONGIL",61762,33.41,0.91,0.00
"11/10/2024 14:05:00","MHK VL",61756,33.41,0.91,0.00
"11/10/2024 14:05:00","MILLWD",61759,33.77,1.27,0.00
"11/10/2024 14:05:00","N.Y.C.",61761,33.97,1.46,0.00
"11/10/2024 14:05:00","NORTH",61755,33.28,0.78,0.00
"11/10/2024 14:05:00","NPX",61845,33.84,1.17,-0.17
"11/10/2024 14:05:00","O H",61846,30.10,-2.40,0.00
"11/10/2024 14:05:00","PJM",61847,31.98,-0.52,0.00
"11/10/2024 14:05:00","WEST",61752,30.65,-1.85,0.00
"11/10/2024 14:10:00","CAPITL",61757,39.59,1.56,0.00
"11/10/2024 14:10:00","CENTRL",61754,37.27,-0.76,0.00
"11/10/2024 14:10:00","DUNWOD",61760,39.59,1.56,0.00
"11/10/2024 14:10:00","GENESE",61753,36.43,-1.60,0.00
"11/10/2024 14:10:00","H Q",61844,38.22,0.19,0.00
"11/10/2024 14:10:00","HUD VL",61758,39.47,1.44,0.00
"11/10/2024 14:10:00","LONGIL",61762,39.13,1.10,0.00
"11/10/2024 14:10:00","MHK VL",61756,39.13,1.10,0.00
"11/10/2024 14:10:00","MILLWD",61759,39.51,1.48,0.00
"11/10/2024 14:10:00","N.Y.C.",61761,39.78,1.75,0.00
"11/10/2024 14:10:00","NORTH",61755,38.94,0.91,0.00
"11/10/2024 14:10:00","NPX",61845,39.60,1.41,-0.17
"11/10/2024 14:10:00","O H",61846,35.18,-2.85,0.00
"11/10/2024 14:10:00","PJM",61847,37.35,-0.68,0.00
"11/10/2024 14:10:00","WEST",61752,35.79,-2.24,0.00
"11/10/2024 14:15:00","CAPITL",61757,34.50,1.33,0.00
"11/10/2024 14:15:00","CENTRL",61754,32.64,-0.53,0.00
"11/10/2024 14:15:00","DUNWOD",61760,34.50,1.33,0.00
"11/10/2024 14:15:00","GENESE",61753,31.98,-1.19,0.00
"11/10/2024 14:15:00","H Q",61844,33.33,0.17,0.00
"11/10/2024 14:15:00","HUD VL",61758,34.40,1.23,0.00
"11/10/2024 14:15:00","LONGIL",61762,34.10,0.93,0.00
"11/10/2024 14:15:00","MHK VL",61756,34.20,1.03,0.00
"11/10/2024 14:15:00","MILLWD",61759,34.43,1.26,0.00
"11/10/2024 14:15:00","N.Y.C.",61761,34.66,1.49,0.00
"11/10/2024 14:15:00","NORTH",61755,33.90,0.73,0.00
"11/10/2024 14:15:00","NPX",61845,34.43,1.09,-0.17
"11/10/2024 14:15:00","O H",61846,30.98,-2.19,0.00
"11/10/2024 14:15:00","PJM",61847,32.70,-0.46,0.00
"11/10/2024 14:15:00","WEST",61752,31.51,-1.66,0.00
"11/10/2024 14:20:00","CAPITL",61757,37.27,1.40,0.00
"11/10/2024 14:20:00","CENTRL",61754,35.40,-0.47,0.00
"11/10/2024 14:20:00","DUNWOD",61760,37.31,1.44,0.00
"11/10/2024 14:20:00","GENESE",61753,34.62,-1.26,0.00
"11/10/2024 14:20:00","H Q",61844,36.05,0.18,0.00
"11/10/2024 14:20:00","HUD VL",61758,37.20,1.33,0.00
"11/10/2024 14:20:00","LONGIL",61762,36.84,0.97,0.00
"11/10/2024 14:20:00","MHK VL",61756,37.05,1.18,0.00
"11/10/2024 14:20:00","MILLWD",61759,37.23,1.36,0.00
"11/10/2024 14:20:00","N.Y.C.",61761,37.49,1.62,0.00
"11/10/2024 14:20:00","NORTH",61755,36.70,0.83,0.00
"11/10/2024 14:20:00","NPX",61845,36.95,1.08,0.00
"11/10/2024 14:20:00","O H",61846,33.58,-2.30,0.00
"11/10/2024 14:20:00","PJM",61847,35.51,-0.36,0.00
"11/10/2024 14:20:00","WEST",61752,34.19,-1.69,0.00
"11/10/2024 14:25:00","CAPITL",61757,35.58,1.30,0.00
"11/10/2024 14:25:00","CENTRL",61754,33.73,-0.55,0.00
"11/10/2024 14:25:00","DUNWOD",61760,35.69,1.41,0.00
"11/10/2024 14:25:00","GENESE",61753,33.05,-1.23,0.00
"11/10/2024 14:25:00","H Q",61844,34.45,0.17,0.00
"11/10/2024 14:25:00","HUD VL",61758,35.55,1.27,0.00
"11/10/2024 14:25:00","LONGIL",61762,35.24,0.96,0.00
"11/10/2024 14:25:00","MHK VL",61756,35.38,1.10,0.00
"11/10/2024 14:25:00","MILLWD",61759,35.62,1.34,0.00
"11/10/2024 14:25:00","N.Y.C.",61761,35.83,1.54,0.00
"11/10/2024 14:25:00","NORTH",61755,35.03,0.75,0.00
"11/10/2024 14:25:00","NPX",61845,35.35,1.06,0.00
"11/10/2024 14:25:00","O H",61846,31.98,-2.30,0.00
"11/10/2024 14:25:00","PJM",61847,33.83,-0.45,0.00
"11/10/2024 14:25:00","WEST",61752,32.57,-1.71,0.00
"11/10/2024 14:30:00","CAPITL",61757,33.22,1.25,0.00
"11/10/2024 14:30:00","CENTRL",61754,31.43,-0.54,0.00
"11/10/2024 14:30:00","DUNWOD",61760,33.25,1.28,0.00
"11/10/2024 14:30:00","GENESE",61753,30.85,-1.12,0.00
"11/10/2024 14:30:00","H Q",61844,32.13,0.16,0.00
"11/10/2024 14:30:00","HUD VL",61758,33.16,1.18,0.00
"11/10/2024 14:30:00","LONGIL",61762,32.97,0.99,0.00
"11/10/2024 14:30:00","MHK VL",61756,32.93,0.96,0.00
"11/10/2024 14:30:00","MILLWD",61759,33.22,1.25,0.00
"11/10/2024 14:30:00","N.Y.C.",61761,33.41,1.44,0.00
"11/10/2024 14:30:00","NORTH",61755,32.65,0.67,0.00
"11/10/2024 14:30:00","NPX",61845,33.03,1.05,0.00
"11/10/2024 14:30:00","O H",61846,29.90,-2.08,0.00
"11/10/2024 14:30:00","PJM",61847,31.53,-0.45,0.00
"11/10/2024 14:30:00","WEST",61752,30.41,-1.57,0.00
"11/10/2024 14:35:00","CAPITL",61757,33.45,1.29,0.00
"11/10/2024 14:35:00","CENTRL",61754,31.59,-0.58,0.00
"11/10/2024 14:35:00","DUNWOD",61760,33.48,1.32,0.00
"11/10/2024 14:35:00","GENESE",61753,30.94,-1.22,0.00
"11/10/2024 14:35:00","H Q",61844,32.33,0.16,0.00
"11/10/2024 14:35:00","HUD VL",61758,33.35,1.19,0.00
"11/10/2024 14:35:00","LONGIL",61762,33.13,0.96,0.00
"11/10/2024 14:35:00","MHK VL",61756,33.19,1.03,0.00
"11/10/2024 14:35:00","MILLWD",61759,33.42,1.25,0.00
"11/10/2024 14:35:00","N.Y.C.",61761,33.61,1.45,0.00
"11/10/2024 14:35:00","NORTH",61755,32.87,0.71,0.00
"11/10/2024 14:35:00","NPX",61845,33.26,1.09,0.00
"11/10/2024 14:35:00","O H",61846,29.94,-2.22,0.00
"11/10/2024 14:35:00","PJM",61847,31.65,-0.52,0.00
"11/10/2024 14:35:00","WEST",61752,30.46,-1.71,0.00
"11/10/2024 14:40:00","CAPITL",61757,33.73,1.33,0.00
"11/10/2024 14:40:00","CENTRL",61754,31.75,-0.65,0.00
"11/10/2024 14:40:00","DUNWOD",61760,33.69,1.30,0.00
"11/10/2024 14:40:00","GENESE",61753,31.13,-1.26,0.00
"11/10/2024 14:40:00","H Q",61844,32.59,0.20,0.00
"11/10/2024 14:40:00","HUD VL",61758,33.60,1.20,0.00
"11/10/2024 14:40:00","LONGIL",61762,33.37,0.97,0.00
"11/10/2024 14:40:00","MHK VL",61756,33.43,1.04,0.00
"11/10/2024 14:40:00","MILLWD",61759,33.66,1.26,0.00
"11/10/2024 14:40:00","N.Y.C.",61761,33.86,1.46,0.00
"11/10/2024 14:40:00","NORTH",61755,33.17,0.78,0.00
"11/10/2024 14:40:00","NPX",61845,33.50,1.10,0.00
"11/10/2024 14:40:00","O H",61846,30.10,-2.30,0.00
"11/10/2024 14:40:00","PJM",61847,31.81,-0.58,0.00
"11/10/2024 14:40:00","WEST",61752,30.62,-1.78,0.00
"11/10/2024 14:45:00","CAPITL",61757,33.90,1.37,0.00
"11/10/2024 14:45:00","CENTRL",61754,31.89,-0.65,0.00
"11/10/2024 14:45:00","DUNWOD",61760,33.81,1.27,0.00
"11/10/2024 14:45:00","GENESE",61753,31.17,-1.37,0.00
"11/10/2024 14:45:00","H Q",61844,32.73,0.20,0.00
"11/10/2024 14:45:00","HUD VL",61758,33.74,1.20,0.00
"11/10/2024 14:45:00","LONGIL",61762,33.48,0.94,0.00
"11/10/2024 14:45:00","MHK VL",61756,33.58,1.04,0.00
"11/10/2024 14:45:00","MILLWD",61759,33.77,1.24,0.00
"11/10/2024 14:45:00","N.Y.C.",61761,33.94,1.40,0.00
"11/10/2024 14:45:00","NORTH",61755,33.32,0.78,0.00
"11/10/2024 14:45:00","NPX",61845,33.68,1.14,0.00
"11/10/2024 14:45:00","O H",61846,30.10,-2.44,0.00
"11/10/2024 14:45:00","PJM",61847,31.89,-0.65,0.00
"11/10/2024 14:45:00","WEST",61752,30.59,-1.95,0.00
"11/10/2024 14:50:00","CAPITL",61757,33.83,1.36,0.00
"11/10/2024 14:50:00","CENTRL",61754,31.82,-0.65,0.00
"11/10/2024 14:50:00","DUNWOD",61760,33.70,1.23,0.00
"11/10/2024 14:50:00","GENESE",61753,31.17,-1.30,0.00
"11/10/2024 14:50:00","H Q",61844,32.66,0.20,0.00
"11/10/2024 14:50:00","HUD VL",61758,33.64,1.17,0.00
"11/10/2024 14:50:00","LONGIL",61762,33.38,0.91,0.00
"11/10/2024 14:50:00","MHK VL",61756,33.51,1.04,0.00
"11/10/2024 14:50:00","MILLWD",61759,33.67,1.20,0.00
"11/10/2024 14:50:00","N.Y.C.",61761,33.83,1.36,0.00
"11/10/2024 14:50:00","NORTH",61755,33.25,0.78,0.00
"11/10/2024 14:50:00","NPX",61845,33.64,1.17,0.00
"11/10/2024 14:50:00","O H",61846,30.10,-2.37,0.00
"11/10/2024 14:50:00","PJM",61847,31.82,-0.65,0.00
"11/10/2024 14:50:00","WEST",61752,30.58,-1.88,0.00
"11/10/2024 14:55:00","CAPITL",61757,33.72,1.36,0.00
"11/10/2024 14:55:00","CENTRL",61754,31.78,-0.58,0.00
"11/10/2024 14:55:00","DUNWOD",61760,33.56,1.20,0.00
"11/10/2024 14:55:00","GENESE",61753,31.13,-1.23,0.00
"11/10/2024 14:55:00","H Q",61844,32.56,0.20,0.00
"11/10/2024 14:55:00","HUD VL",61758,33.49,1.13,0.00
"11/10/2024 14:55:00","LONGIL",61762,33.24,0.87,0.00
"11/10/2024 14:55:00","MHK VL",61756,33.43,1.07,0.00
"11/10/2024 14:55:00","MILLWD",61759,33.49,1.13,0.00
"11/10/2024 14:55:00","N.Y.C.",61761,33.69,1.33,0.00
"11/10/2024 14:55:00","NORTH",61755,33.17,0.81,0.00
"11/10/2024 14:55:00","NPX",61845,33.49,1.13,0.00
"11/10/2024 14:55:00","O H",61846,30.06,-2.30,0.00
"11/10/2024 14:55:00","PJM",61847,31.78,-0.58,0.00
"11/10/2024 14:55:00","WEST",61752,30.58,-1.78,0.00
"11/10/2024 15:00:00","CAPITL",61757,33.38,1.38,0.00
"11/10/2024 15:00:00","CENTRL",61754,31.49,-0.51,0.00
"11/10/2024 15:00:00","DUNWOD",61760,33.19,1.18,0.00
"11/10/2024 15:00:00","GENESE",61753,30.82,-1.18,0.00
"11/10/2024 15:00:00","H Q",61844,32.17,0.16,0.00
"11/10/2024 15:00:00","HUD VL",61758,33.13,1.12,0.00
"11/10/2024 15:00:00","LONGIL",61762,32.97,0.96,0.00
"11/10/2024 15:00:00","MHK VL",61756,33.10,1.09,0.00
"11/10/2024 15:00:00","MILLWD",61759,33.16,1.15,0.00
"11/10/2024 15:00:00","N.Y.C.",61761,33.32,1.31,0.00
"11/10/2024 15:00:00","NORTH",61755,32.74,0.74,0.00
"11/10/2024 15:00:00","NPX",61845,33.16,1.15,0.00
"11/10/2024 15:00:00","O H",61846,29.80,-2.21,0.00
"11/10/2024 15:00:00","PJM",61847,31.46,-0.54,0.00
"11/10/2024 15:00:00","WEST",61752,30.31,-1.70,0.00
"11/10/2024 15:05:00","CAPITL",61757,33.82,1.42,0.00
"11/10/2024 15:05:00","CENTRL",61754,31.88,-0.52,0.00
"11/10/2024 15:05:00","DUNWOD",61760,33.63,1.23,0.00
"11/10/2024 15:05:00","GENESE",61753,31.17,-1.23,0.00
"11/10/2024 15:05:00","H Q",61844,32.53,0.13,0.00
"11/10/2024 15:05:00","HUD VL",61758,33.53,1.13,0.00
"11/10/2024 15:05:00","LONGIL",61762,33.43,1.04,0.00
"11/10/2024 15:05:00","MHK VL",61756,33.50,1.10,0.00
"11/10/2024 15:05:00","MILLWD",61759,33.56,1.16,0.00
"11/10/2024 15:05:00","N.Y.C.",61761,33.73,1.33,0.00
"11/10/2024 15:05:00","NORTH",61755,33.14,0.75,0.00
"11/10/2024 15:05:00","NPX",61845,41.19,1.20,-7.59
"11/10/2024 15:05:00","O H",61846,30.06,-2.33,0.00
"11/10/2024 15:05:00","PJM",61847,28.27,-0.58,3.55
"11/10/2024 15:05:00","WEST",61752,30.58,-1.81,0.00
"11/10/2024 15:10:00","CAPITL",61757,37.30,1.57,0.00
"11/10/2024 15:10:00","CENTRL",61754,35.05,-0.68,0.00
"11/10/2024 15:10:00","DUNWOD",61760,37.09,1.36,0.00
"11/10/2024 15:10:00","GENESE",61753,34.23,-1.50,0.00
"11/10/2024 15:10:00","H Q",61844,35.91,0.18,0.00
"11/10/2024 15:10:00","HUD VL",61758,37.02,1.28,0.00
"11/10/2024 15:10:00","LONGIL",61762,36.91,1.18,0.00
"11/10/2024 15:10:00","MHK VL",61756,37.02,1.28,0.00
"11/10/2024 15:10:00","MILLWD",61759,37.06,1.32,0.00
"11/10/2024 15:10:00","N.Y.C.",61761,37.23,1.50,0.00
"11/10/2024 15:10:00","NORTH",61755,36.66,0.93,0.00
"11/10/2024 15:10:00","NPX",61845,44.65,1.32,-7.59
"11/10/2024 15:10:00","O H",61846,32.95,-2.79,0.00
"11/10/2024 15:10:00","PJM",61847,31.43,-0.75,3.55
"11/10/2024 15:10:00","WEST",61752,33.52,-2.22,0.00
"11/10/2024 15:15:00","CAPITL",61757,34.08,1.47,0.00
"11/10/2024 15:15:00","CENTRL",61754,32.06,-0.55,0.00
"11/10/2024 15:15:00","DUNWOD",61760,33.85,1.24,0.00
"11/10/2024 15:15:00","GENESE",61753,31.24,-1.37,0.00
"11/10/2024 15:15:00","H Q",61844,32.77,0.16,0.00
"11/10/2024 15:15:00","HUD VL",61758,33.78,1.17,0.00
"11/10/2024 15:15:00","LONGIL",61762,33.65,1.04,0.00
"11/10/2024 15:15:00","MHK VL",61756,33.78,1.17,0.00
"11/10/2024 15:15:00","MILLWD",61759,33.78,1.17,0.00
"11/10/2024 15:15:00","N.Y.C.",61761,33.95,1.34,0.00
"11/10/2024 15:15:00","NORTH",61755,33.39,0.78,0.00
"11/10/2024 15:15:00","NPX",61845,41.41,1.21,-7.59
"11/10/2024 15:15:00","O H",61846,30.10,-2.51,0.00
"11/10/2024 15:15:00","PJM",61847,28.41,-0.65,3.55
"11/10/2024 15:15:00","WEST",61752,30.59,-2.02,0.00
"11/10/2024 15:20:00","CAPITL",61757,33.93,1.43,0.00
"11/10/2024 15:20:00","CENTRL",61754,31.92,-0.58,0.00
"11/10/2024 15:20:00","DUNWOD",61760,33.71,1.20,0.00
"11/10/2024 15:20:00","GENESE",61753,31.20,-1.30,0.00
"11/10/2024 15:20:00","H Q",61844,32.67,0.16,0.00
"11/10/2024 15:20:00","HUD VL",61758,33.64,1.14,0.00
"11/10/2024 15:20:00","LONGIL",61762,33.54,1.04,0.00
"11/10/2024 15:20:00","MHK VL",61756,33.67,1.17,0.00
"11/10/2024 15:20:00","MILLWD",61759,33.64,1.14,0.00
"11/10/2024 15:20:00","N.Y.C.",61761,33.80,1.30,0.00
"11/10/2024 15:20:00","NORTH",61755,33.31,0.81,0.00
"11/10/2024 15:20:00","NPX",61845,38.93,1.20,-5.22
"11/10/2024 15:20:00","O H",61846,30.06,-2.44,0.00
"11/10/2024 15:20:00","PJM",61847,21.92,-0.68,9.90
"11/10/2024 15:20:00","WEST",61752,30.58,-1.92,0.00
"11/10/2024 15:25:00","CAPITL",61757,34.11,1.47,0.00
"11/10/2024 15:25:00","CENTRL",61754,32.12,-0.52,0.00
"11/10/2024 15:25:00","DUNWOD",61760,33.85,1.21,0.00
"11/10/2024 15:25:00","GENESE",61753,31.27,-1.37,0.00
"11/10/2024 15:25:00","H Q",61844,32.81,0.16,0.00
"11/10/2024 15:25:00","HUD VL",61758,33.78,1.14,0.00
"11/10/2024 15:25:00","LONGIL",61762,33.69,1.04,0.00
"11/10/2024 15:25:00","MHK VL",61756,33.82,1.17,0.00
"11/10/2024 15:25:00","MILLWD",61759,33.78,1.14,0.00
"11/10/2024 15:25:00","N.Y.C.",61761,33.95,1.31,0.00
"11/10/2024 15:25:00","NORTH",61755,33.43,0.78,0.00
"11/10/2024 15:25:00","NPX",61845,39.07,1.21,-5.22
"11/10/2024 15:25:00","O H",61846,30.10,-2.55,0.00
"11/10/2024 15:25:00","PJM",61847,22.09,-0.65,9.90
"11/10/2024 15:25:00","WEST",61752,30.62,-2.02,0.00
"11/10/2024 15:30:00","CAPITL",61757,33.38,1.44,0.00
"11/10/2024 15:30:00","CENTRL",61754,31.40,-0.54,0.00
"11/10/2024 15:30:00","DUNWOD",61760,33.09,1.15,0.00
"11/10/2024 15:30:00","GENESE",61753,30.67,-1.28,0.00
"11/10/2024 15:30:00","H Q",61844,32.11,0.16,0.00
"11/10/2024 15:30:00","HUD VL",61758,33.06,1.12,0.00
"11/10/2024 15:30:00","LONGIL",61762,32.97,1.02,0.00
"11/10/2024 15:30:00","MHK VL",61756,33.06,1.12,0.00
"11/10/2024 15:30:00","MILLWD",61759,33.06,1.12,0.00
"11/10/2024 15:30:00","N.Y.C.",61761,33.19,1.24,0.00
"11/10/2024 15:30:00","NORTH",61755,32.74,0.80,0.00
"11/10/2024 15:30:00","NPX",61845,38.32,1.15,-5.22
"11/10/2024 15:30:00","O H",61846,29.61,-2.33,0.00
"11/10/2024 15:30:00","PJM",61847,21.41,-0.64,9.90
"11/10/2024 15:30:00","WEST",61752,30.09,-1.85,0.00
"11/10/2024 15:35:00","CAPITL",61757,33.38,1.44,0.00
"11/10/2024 15:35:00","CENTRL",61754,31.43,-0.51,0.00
"11/10/2024 15:35:00","DUNWOD",61760,33.13,1.18,0.00
"11/10/2024 15:35:00","GENESE",61753,30.70,-1.25,0.00
"11/10/2024 15:35:00","H Q",61844,32.11,0.16,0.00
"11/10/2024 15:35:00","HUD VL",61758,33.06,1.12,0.00
"11/10/2024 15:35:00","LONGIL",61762,32.97,1.02,0.00
"11/10/2024 15:35:00","MHK VL",61756,33.09,1.15,0.00
"11/10/2024 15:35:00","MILLWD",61759,33.06,1.12,0.00
"11/10/2024 15:35:00","N.Y.C.",61761,33.19,1.24,0.00
"11/10/2024 15:35:00","NORTH",61755,32.71,0.77,0.00
"11/10/2024 15:35:00","NPX",61845,33.09,1.15,0.00
"11/10/2024 15:35:00","O H",61846,29.64,-2.30,0.00
"11/10/2024 15:35:00","PJM",61847,17.30,-0.61,14.04
"11/10/2024 15:35:00","WEST",61752,30.16,-1.79,0.00
"11/10/2024 15:40:00","CAPITL",61757,34.07,1.50,0.00
"11/10/2024 15:40:00","CENTRL",61754,32.02,-0.55,0.00
"11/10/2024 15:40:00","DUNWOD",61760,33.81,1.24,0.00
"11/10/2024 15:40:00","GENESE",61753,31.24,-1.34,0.00
"11/10/2024 15:40:00","H Q",61844,32.70,0.13,0.00
"11/10/2024 15:40:00","HUD VL",61758,33.74,1.17,0.00
"11/10/2024 15:40:00","LONGIL",61762,33.68,1.11,0.00
"11/10/2024 15:40:00","MHK VL",61756,33.71,1.14,0.00
"11/10/2024 15:40:00","MILLWD",61759,33.74,1.17,0.00
"11/10/2024 15:40:00","N.Y.C.",61761,33.91,1.34,0.00
"11/10/2024 15:40:00","NORTH",61755,33.35,0.78,0.00
"11/10/2024 15:40:00","NPX",61845,33.78,1.21,0.00
"11/10/2024 15:40:00","O H",61846,30.07,-2.51,0.00
"11/10/2024 15:40:00","PJM",61847,17.89,-0.65,14.04
"11/10/2024 15:40:00","WEST",61752,30.59,-1.99,0.00
"11/10/2024 15:45:00","CAPITL",61757,30.50,1.31,0.00
"11/10/2024 15:45:00","CENTRL",61754,28.69,-0.50,0.00
"11/10/2024 15:45:00","DUNWOD",61760,30.30,1.11,0.00
"11/10/2024 15:45:00","GENESE",61753,28.05,-1.14,0.00
"11/10/2024 15:45:00","H Q",61844,29.34,0.15,0.00
"11/10/2024 15:45:00","HUD VL",61758,30.24,1.05,0.00
"11/10/2024 15:45:00","LONGIL",61762,30.33,1.14,0.00
"11/10/2024 15:45:00","MHK VL",61756,30.24,1.05,0.00
"11/10/2024 15:45:00","MILLWD",61759,30.27,1.08,0.00
"11/10/2024 15:45:00","N.Y.C.",61761,30.39,1.20,0.00
"11/10/2024 15:45:00","NORTH",61755,29.89,0.70,0.00
"11/10/2024 15:45:00","NPX",61845,30.27,1.08,0.00
"11/10/2024 15:45:00","O H",61846,27.06,-2.13,0.00
"11/10/2024 15:45:00","PJM",61847,14.60,-0.56,14.04
"11/10/2024 15:45:00","WEST",61752,27.53,-1.66,0.00
"11/10/2024 15:50:00","CAPITL",61757,30.47,1.34,0.00
"11/10/2024 15:50:00","CENTRL",61754,28.63,-0.50,0.00
"11/10/2024 15:50:00","DUNWOD",61760,30.26,1.13,0.00
"11/10/2024 15:50:00","GENESE",61753,28.05,-1.08,0.00
"11/10/2024 15:50:00","H Q",61844,29.24,0.12,0.00
"11/10/2024 15:50:00","HUD VL",61758,30.20,1.08,0.00
"11/10/2024 15:50:00","LONGIL",61762,30.23,1.11,0.00
"11/10/2024 15:50:00","MHK VL",61756,30.14,1.02,0.00
"11/10/2024 15:50:00","MILLWD",61759,30.20,1.08,0.00
"11/10/2024 15:50:00","N.Y.C.",61761,30.32,1.19,0.00
"11/10/2024 15:50:00","NORTH",61755,29.80,0.67,0.00
"11/10/2024 15:50:00","NPX",61845,49.12,1.08,-18.92
"11/10/2024 15:50:00","O H",61846,27.06,-2.07,0.00
"11/10/2024 15:50:00","PJM",61847,25.76,-0.55,2.81
"11/10/2024 15:50:00","WEST",61752,27.52,-1.60,0.00
"11/10/2024 15:55:00","CAPITL",61757,30.57,1.34,0.00
"11/10/2024 15:55:00","CENTRL",61754,28.70,-0.53,0.00
"11/10/2024 15:55:00","DUNWOD",61760,30.39,1.17,0.00
"11/10/2024 15:55:00","GENESE",61753,28.05,-1.17,0.00
"11/10/2024 15:55:00","H Q",61844,29.34,0.12,0.00
"11/10/2024 15:55:00","HUD VL",61758,30.33,1.11,0.00
"11/10/2024 15:55:00","LONGIL",61762,30.45,1.23,0.00
"11/10/2024 15:55:00","MHK VL",61756,30.22,0.99,0.00
"11/10/2024 15:55:00","MILLWD",61759,30.33,1.11,0.00
"11/10/2024 15:55:00","N.Y.C.",61761,30.45,1.23,0.00
"11/10/2024 15:55:00","NORTH",61755,29.86,0.64,0.00
"11/10/2024 15:55:00","NPX",61845,49.25,1.11,-18.92
"11/10/2024 15:55:00","O H",61846,27.06,-2.16,0.00
"11/10/2024 15:55:00","PJM",61847,25.83,-0.58,2.81
"11/10/2024 15:55:00","WEST",61752,27.50,-1.72,0.00
"11/10/2024 16:00:00","CAPITL",61757,24.91,1.10,0.00
"11/10/2024 16:00:00","CENTRL",61754,23.43,-0.38,0.00
"11/10/2024 16:00:00","DUNWOD",61760,24.76,0.95,0.00
"11/10/2024 16:00:00","GENESE",61753,22.88,-0.93,0.00
"11/10/2024 16:00:00","H Q",61844,23.91,0.10,0.00
"11/10/2024 16:00:00","HUD VL",61758,24.72,0.90,0.00
"11/10/2024 16:00:00","LONGIL",61762,24.79,0.98,0.00
"11/10/2024 16:00:00","MHK VL",61756,24.64,0.83,0.00
"11/10/2024 16:00:00","MILLWD",61759,24.72,0.90,0.00
"11/10/2024 16:00:00","N.Y.C.",61761,24.81,1.00,0.00
"11/10/2024 16:00:00","NORTH",61755,24.31,0.50,0.00
"11/10/2024 16:00:00","NPX",61845,43.64,0.90,-18.92
"11/10/2024 16:00:00","O H",61846,22.05,-1.76,0.00
"11/10/2024 16:00:00","PJM",61847,20.57,-0.43,2.81
"11/10/2024 16:00:00","WEST",61752,22.43,-1.38,0.00
"11/10/2024 16:05:00","CAPITL",61757,29.66,1.31,0.00
"11/10/2024 16:05:00","CENTRL",61754,27.90,-0.45,0.00
"11/10/2024 16:05:00","DUNWOD",61760,29.50,1.14,0.00
"11/10/2024 16:05:00","GENESE",61753,27.20,-1.16,0.00
"11/10/2024 16:05:00","H Q",61844,28.47,0.11,0.00
"11/10/2024 16:05:00","HUD VL",61758,29.44,1.08,0.00
"11/10/2024 16:05:00","LONGIL",61762,29.41,1.05,0.00
"11/10/2024 16:05:00","MHK VL",61756,29.35,0.99,0.00
"11/10/2024 16:05:00","MILLWD",61759,29.44,1.08,0.00
"11/10/2024 16:05:00","N.Y.C.",61761,29.52,1.16,0.00
"11/10/2024 16:05:00","NORTH",61755,28.96,0.60,0.00
"11/10/2024 16:05:00","NPX",61845,41.47,1.05,-12.06
"11/10/2024 16:05:00","O H",61846,26.18,-2.18,0.00
"11/10/2024 16:05:00","PJM",61847,27.82,-0.54,0.00
"11/10/2024 16:05:00","WEST",61752,26.60,-1.76,0.00
"11/10/2024 16:10:00","CAPITL",61757,30.56,1.37,0.00
"11/10/2024 16:10:00","CENTRL",61754,28.75,-0.44,0.00
"11/10/2024 16:10:00","DUNWOD",61760,30.30,1.11,0.00
"11/10/2024 16:10:00","GENESE",61753,28.05,-1.14,0.00
"11/10/2024 16:10:00","H Q",61844,29.31,0.12,0.00
"11/10/2024 16:10:00","HUD VL",61758,30.27,1.08,0.00
"11/10/2024 16:10:00","LONGIL",61762,30.18,0.99,0.00
"11/10/2024 16:10:00","MHK VL",61756,30.24,1.05,0.00
"11/10/2024 16:10:00","MILLWD",61759,30.27,1.08,0.00
"11/10/2024 16:10:00","N.Y.C.",61761,30.36,1.17,0.00
"11/10/2024 16:10:00","NORTH",61755,29.83,0.64,0.00
"11/10/2024 16:10:00","NPX",61845,42.33,1.08,-12.06
"11/10/2024 16:10:00","O H",61846,27.06,-2.13,0.00
"11/10/2024 16:10:00","PJM",61847,28.67,-0.52,0.00
"11/10/2024 16:10:00","WEST",61752,27.50,-1.69,0.00
"11/10/2024 16:15:00","CAPITL",61757,30.43,1.37,0.00
"11/10/2024 16:15:00","CENTRL",61754,28.54,-0.52,0.00
"11/10/2024 16:15:00","DUNWOD",61760,30.25,1.19,0.00
"11/10/2024 16:15:00","GENESE",61753,27.99,-1.07,0.00
"11/10/2024 16:15:00","H Q",61844,29.18,0.12,0.00
"11/10/2024 16:15:00","HUD VL",61758,30.20,1.13,0.00
"11/10/2024 16:15:00","LONGIL",61762,30.02,0.96,0.00
"11/10/2024 16:15:00","MHK VL",61756,30.08,1.02,0.00
"11/10/2024 16:15:00","MILLWD",61759,30.20,1.13,0.00
"11/10/2024 16:15:00","N.Y.C.",61761,30.34,1.28,0.00
"11/10/2024 16:15:00","NORTH",61755,29.67,0.61,0.00
"11/10/2024 16:15:00","NPX",61845,42.20,1.08,-12.06
"11/10/2024 16:15:00","O H",61846,27.06,-2.00,0.00
"11/10/2024 16:15:00","PJM",61847,28.54,-0.52,0.00
"11/10/2024 16:15:00","WEST",61752,27.49,-1.57,0.00
"11/10/2024 16:20:00","CAPITL",61757,33.88,1.52,0.00
"11/10/2024 16:20:00","CENTRL",61754,31.84,-0.52,0.00
"11/10/2024 16:20:00","DUNWOD",61760,33.69,1.33,0.00
"11/10/2024 16:20:00","GENESE",61753,31.16,-1.20,0.00
"11/10/2024 16:20:00","H Q",61844,32.46,0.10,0.00
"11/10/2024 16:20:00","HUD VL",61758,33.62,1.26,0.00
"11/10/2024 16:20:00","LONGIL",61762,33.43,1.07,0.00
"11/10/2024 16:20:00","MHK VL",61756,33.49,1.13,0.00
"11/10/2024 16:20:00","MILLWD",61759,33.62,1.26,0.00
"11/10/2024 16:20:00","N.Y.C.",61761,33.75,1.39,0.00
"11/10/2024 16:20:00","NORTH",61755,33.01,0.65,0.00
"11/10/2024 16:20:00","NPX",61845,33.56,1.20,0.00
"11/10/2024 16:20:00","O H",61846,30.09,-2.27,0.00
"11/10/2024 16:20:00","PJM",61847,31.78,-0.58,0.00
"11/10/2024 16:20:00","WEST",61752,30.55,-1.81,0.00
"11/10/2024 16:25:00","CAPITL",61757,34.03,1.53,0.00
"11/10/2024 16:25:00","CENTRL",61754,31.92,-0.58,0.00
"11/10/2024 16:25:00","DUNWOD",61760,33.87,1.36,0.00
"11/10/2024 16:25:00","GENESE",61753,31.23,-1.27,0.00
"11/10/2024 16:25:00","H Q",61844,32.60,0.10,0.00
"11/10/2024 16:25:00","HUD VL",61758,33.80,1.30,0.00
"11/10/2024 16:25:00","LONGIL",61762,33.61,1.11,0.00
"11/10/2024 16:25:00","MHK VL",61756,33.64,1.14,0.00
"11/10/2024 16:25:00","MILLWD",61759,33.84,1.33,0.00
"11/10/2024 16:25:00","N.Y.C.",61761,33.97,1.46,0.00
"11/10/2024 16:25:00","NORTH",61755,33.12,0.62,0.00
"11/10/2024 16:25:00","NPX",61845,33.71,1.20,0.00
"11/10/2024 16:25:00","O H",61846,30.10,-2.40,0.00
"11/10/2024 16:25:00","PJM",61847,31.88,-0.62,0.00
"11/10/2024 16:25:00","WEST",61752,30.55,-1.95,0.00
"11/10/2024 16:30:00","CAPITL",61757,30.40,1.36,0.00
"11/10/2024 16:30:00","CENTRL",61754,28.51,-0.52,0.00
"11/10/2024 16:30:00","DUNWOD",61760,30.28,1.25,0.00
"11/10/2024 16:30:00","GENESE",61753,28.02,-1.02,0.00
"11/10/2024 16:30:00","H Q",61844,29.12,0.09,0.00
"11/10/2024 16:30:00","HUD VL",61758,30.22,1.19,0.00
"11/10/2024 16:30:00","LONGIL",61762,30.11,1.07,0.00
"11/10/2024 16:30:00","MHK VL",61756,30.05,1.02,0.00
"11/10/2024 16:30:00","MILLWD",61759,30.22,1.19,0.00
"11/10/2024 16:30:00","N.Y.C.",61761,30.37,1.34,0.00
"11/10/2024 16:30:00","NORTH",61755,29.58,0.55,0.00
"11/10/2024 16:30:00","NPX",61845,30.14,1.10,0.00
"11/10/2024 16:30:00","O H",61846,27.06,-1.98,0.00
"11/10/2024 16:30:00","PJM",61847,28.48,-0.55,0.00
"11/10/2024 16:30:00","WEST",61752,27.46,-1.57,0.00
"11/10/2024 16:35:00","CAPITL",61757,30.50,1.40,0.00
"11/10/2024 16:35:00","CENTRL",61754,28.49,-0.61,0.00
"11/10/2024 16:35:00","DUNWOD",61760,30.44,1.34,0.00
"11/10/2024 16:35:00","GENESE",61753,28.05,-1.05,0.01
"11/10/2024 16:35:00","H Q",61844,29.16,0.06,0.00
"11/10/2024 16:35:00","HUD VL",61758,30.35,1.25,0.00
"11/10/2024 16:35:00","LONGIL",61762,30.27,1.17,0.00
"11/10/2024 16:35:00","MHK VL",61756,30.06,0.96,0.00
"11/10/2024 16:35:00","MILLWD",61759,30.38,1.28,0.00
"11/10/2024 16:35:00","N.Y.C.",61761,30.56,1.45,0.00
"11/10/2024 16:35:00","NORTH",61755,29.60,0.49,0.00
"11/10/2024 16:35:00","NPX",61845,31.07,1.17,-0.80
"11/10/2024 16:35:00","O H",61846,27.06,-2.04,0.01
"11/10/2024 16:35:00","PJM",61847,28.52,-0.58,0.01
"11/10/2024 16:35:00","WEST",61752,27.44,-1.66,0.01
"11/10/2024 16:40:00","CAPITL",61757,29.03,1.33,0.00
"11/10/2024 16:40:00","CENTRL",61754,27.15,-0.55,0.00
"11/10/2024 16:40:00","DUNWOD",61760,28.92,1.22,0.00
"11/10/2024 16:40:00","GENESE",61753,26.73,-0.97,0.00
"11/10/2024 16:40:00","H Q",61844,27.78,0.08,0.00
"11/10/2024 16:40:00","HUD VL",61758,28.86,1.16,0.00
"11/10/2024 16:40:00","LONGIL",61762,28.81,1.11,0.00
"11/10/2024 16:40:00","MHK VL",61756,28.64,0.94,0.00
"11/10/2024 16:40:00","MILLWD",61759,28.86,1.16,0.00
"11/10/2024 16:40:00","N.Y.C.",61761,29.00,1.30,0.00
"11/10/2024 16:40:00","NORTH",61755,28.22,0.52,0.00
"11/10/2024 16:40:00","NPX",61845,29.58,1.08,-0.80
"11/10/2024 16:40:00","O H",61846,25.82,-1.88,0.00
"11/10/2024 16:40:00","PJM",61847,27.15,-0.55,0.00
"11/10/2024 16:40:00","WEST",61752,26.20,-1.50,0.00
"11/10/2024 16:45:00","CAPITL",61757,35.79,1.64,0.00
"11/10/2024 16:45:00","CENTRL",61754,33.50,-0.65,0.00
"11/10/2024 16:45:00","DUNWOD",61760,35.62,1.47,0.00
"11/10/2024 16:45:00","GENESE",61753,32.92,-1.23,0.00
"11/10/2024 16:45:00","H Q",61844,34.25,0.10,0.00
"11/10/2024 16:45:00","HUD VL",61758,35.55,1.40,0.00
"11/10/2024 16:45:00","LONGIL",61762,35.31,1.16,0.00
"11/10/2024 16:45:00","MHK VL",61756,35.35,1.19,0.00
"11/10/2024 16:45:00","MILLWD",61759,35.59,1.43,0.00
"11/10/2024 16:45:00","N.Y.C.",61761,35.72,1.57,0.00
"11/10/2024 16:45:00","NORTH",61755,34.80,0.65,0.00
"11/10/2024 16:45:00","NPX",61845,36.28,1.33,-0.80
"11/10/2024 16:45:00","O H",61846,31.73,-2.42,0.00
"11/10/2024 16:45:00","PJM",61847,33.47,-0.68,0.00
"11/10/2024 16:45:00","WEST",61752,32.21,-1.95,0.00
"11/10/2024 16:50:00","CAPITL",61757,46.50,2.13,0.00
"11/10/2024 16:50:00","CENTRL",61754,43.66,-0.71,0.00
"11/10/2024 16:50:00","DUNWOD",61760,46.28,1.91,0.00
"11/10/2024 16:50:00","GENESE",61753,42.78,-1.60,0.00
"11/10/2024 16:50:00","H Q",61844,44.51,0.13,0.00
"11/10/2024 16:50:00","HUD VL",61758,46.19,1.82,0.00
"11/10/2024 16:50:00","LONGIL",61762,45.88,1.51,0.00
"11/10/2024 16:50:00","MHK VL",61756,45.93,1.55,0.00
"11/10/2024 16:50:00","MILLWD",61759,46.19,1.82,0.00
"11/10/2024 16:50:00","N.Y.C.",61761,46.37,2.00,0.00
"11/10/2024 16:50:00","NORTH",61755,45.22,0.84,0.00
"11/10/2024 16:50:00","NPX",61845,46.06,1.69,0.00
"11/10/2024 16:50:00","O H",61846,41.22,-3.15,0.00
"11/10/2024 16:50:00","PJM",61847,12.80,-0.80,30.78
"11/10/2024 16:50:00","WEST",61752,41.85,-2.53,0.00
"11/10/2024 16:55:00","CAPITL",61757,53.59,2.45,0.00
"11/10/2024 16:55:00","CENTRL",61754,50.31,-0.82,0.00
"11/10/2024 16:55:00","DUNWOD",61760,53.33,2.20,0.00
"11/10/2024 16:55:00","GENESE",61753,49.24,-1.89,0.00
"11/10/2024 16:55:00","H Q",61844,51.29,0.15,0.00
"11/10/2024 16:55:00","HUD VL",61758,53.18,2.05,0.00
"11/10/2024 16:55:00","LONGIL",61762,52.87,1.74,0.00
"11/10/2024 16:55:00","MHK VL",61756,52.92,1.79,0.00
"11/10/2024 16:55:00","MILLWD",61759,53.23,2.10,0.00
"11/10/2024 16:55:00","N.Y.C.",61761,53.44,2.30,0.00
"11/10/2024 16:55:00","NORTH",61755,52.10,0.97,0.00
"11/10/2024 16:55:00","NPX",61845,53.08,1.94,0.00
"11/10/2024 16:55:00","O H",61846,47.45,-3.68,0.00
"11/10/2024 16:55:00","PJM",61847,19.44,-0.92,30.78
"11/10/2024 16:55:00","WEST",61752,48.17,-2.97,0.00
"11/10/2024 17:00:00","CAPITL",61757,48.16,2.25,0.00
"11/10/2024 17:00:00","CENTRL",61754,45.13,-0.78,0.00
"11/10/2024 17:00:00","DUNWOD",61760,47.88,1.97,0.00
"11/10/2024 17:00:00","GENESE",61753,44.17,-1.74,0.00
"11/10/2024 17:00:00","H Q",61844,46.05,0.14,0.00
"11/10/2024 17:00:00","HUD VL",61758,47.79,1.88,0.00
"11/10/2024 17:00:00","LONGIL",61762,46.97,1.06,0.00
"11/10/2024 17:00:00","MHK VL",61756,47.56,1.65,0.00
"11/10/2024 17:00:00","MILLWD",61759,47.79,1.88,0.00
"11/10/2024 17:00:00","N.Y.C.",61761,47.98,2.07,0.00
"11/10/2024 17:00:00","NORTH",61755,46.78,0.87,0.00
"11/10/2024 17:00:00","NPX",61845,47.65,1.74,0.00
"11/10/2024 17:00:00","O H",61846,42.47,-3.44,0.00
"11/10/2024 17:00:00","PJM",61847,14.31,-0.83,30.78
"11/10/2024 17:00:00","WEST",61752,43.16,-2.75,0.00
"11/10/2024 17:05:00","CAPITL",61757,46.60,2.13,0.00
"11/10/2024 17:05:00","CENTRL",61754,43.76,-0.71,0.00
"11/10/2024 17:05:00","DUNWOD",61760,46.38,1.91,0.00
"11/10/2024 17:05:00","GENESE",61753,42.73,-1.73,0.00
"11/10/2024 17:05:00","H Q",61844,44.60,0.13,0.00
"11/10/2024 17:05:00","HUD VL",61758,46.29,1.82,0.00
"11/10/2024 17:05:00","LONGIL",61762,45.18,0.71,0.00
"11/10/2024 17:05:00","MHK VL",61756,46.02,1.56,0.00
"11/10/2024 17:05:00","MILLWD",61759,46.29,1.82,0.00
"11/10/2024 17:05:00","N.Y.C.",61761,46.52,2.05,0.00
"11/10/2024 17:05:00","NORTH",61755,45.31,0.84,0.00
"11/10/2024 17:05:00","NPX",61845,46.20,1.73,0.00
"11/10/2024 17:05:00","O H",61846,41.13,-3.34,0.00
"11/10/2024 17:05:00","PJM",61847,43.71,-0.76,0.00
"11/10/2024 17:05:00","WEST",61752,41.80,-2.67,0.00
"11/10/2024 17:07:39","CAPITL",61757,46.75,2.18,0.00
"11/10/2024 17:07:39","CENTRL",61754,43.94,-0.62,0.00
"11/10/2024 17:07:39","DUNWOD",61760,46.48,1.92,0.00
"11/10/2024 17:07:39","GENESE",61753,42.87,-1.69,0.00
"11/10/2024 17:07:39","H Q",61844,44.66,0.09,0.00
"11/10/2024 17:07:39","HUD VL",61758,46.39,1.83,0.00
"11/10/2024 17:07:39","LONGIL",61762,45.28,0.71,0.00
"11/10/2024 17:07:39","MHK VL",61756,46.13,1.56,0.00
"11/10/2024 17:07:39","MILLWD",61759,46.44,1.87,0.00
"11/10/2024 17:07:39","N.Y.C.",61761,46.62,2.05,0.00
"11/10/2024 17:07:39","NORTH",61755,45.41,0.84,0.00
"11/10/2024 17:07:39","NPX",61845,46.30,1.74,0.00
"11/10/2024 17:07:39","O H",61846,41.18,-3.39,0.00
"11/10/2024 17:07:39","PJM",61847,43.94,-0.62,0.00
"11/10/2024 17:07:39","WEST",61752,41.94,-2.63,0.00
"11/10/2024 17:09:27","CAPITL",61757,44.43,2.07,0.00
"11/10/2024 17:09:27","CENTRL",61754,41.59,-0.76,0.00
"11/10/2024 17:09:27","DUNWOD",61760,44.38,2.03,0.00
"11/10/2024 17:09:27","GENESE",61753,40.74,-1.61,0.00
"11/10/2024 17:09:27","H Q",61844,42.44,0.08,0.00
"11/10/2024 17:09:27","HUD VL",61758,44.26,1.91,0.00
"11/10/2024 17:09:27","LONGIL",61762,42.63,0.93,0.65
"11/10/2024 17:09:27","MHK VL",61756,43.75,1.40,0.00
"11/10/2024 17:09:27","MILLWD",61759,44.30,1.95,0.00
"11/10/2024 17:09:27","N.Y.C.",61761,44.51,2.16,0.00
"11/10/2024 17:09:27","NORTH",61755,43.07,0.72,0.00
"11/10/2024 17:09:27","NPX",61845,43.69,1.65,0.32
"11/10/2024 17:09:27","O H",61846,39.17,-3.18,0.00
"11/10/2024 17:09:27","PJM",61847,41.72,-0.63,0.00
"11/10/2024 17:09:27","WEST",61752,39.81,-2.54,0.00
"11/10/2024 17:10:00","CAPITL",61757,39.98,1.80,0.00
"11/10/2024 17:10:00","CENTRL",61754,37.50,-0.69,0.00
"11/10/2024 17:10:00","DUNWOD",61760,40.10,1.91,0.00
"11/10/2024 17:10:00","GENESE",61753,36.74,-1.45,0.00
"11/10/2024 17:10:00","H Q",61844,38.26,0.08,0.00
"11/10/2024 17:10:00","HUD VL",61758,39.98,1.80,0.00
"11/10/2024 17:10:00","LONGIL",61762,38.57,0.92,0.54
"11/10/2024 17:10:00","MHK VL",61756,39.45,1.26,0.00
"11/10/2024 17:10:00","MILLWD",61759,40.02,1.83,0.00
"11/10/2024 17:10:00","N.Y.C.",61761,40.25,2.06,0.00
"11/10/2024 17:10:00","NORTH",61755,38.84,0.65,0.00
"11/10/2024 17:10:00","NPX",61845,39.30,1.37,0.26
"11/10/2024 17:10:00","O H",61846,35.32,-2.86,0.00
"11/10/2024 17:10:00","PJM",61847,37.65,-0.53,0.00
"11/10/2024 17:10:00","WEST",61752,35.94,-2.25,0.00
"11/10/2024 17:15:00","CAPITL",61757,39.98,1.80,0.00
"11/10/2024 17:15:00","CENTRL",61754,37.50,-0.69,0.00
"11/10/2024 17:15:00","DUNWOD",61760,40.10,1.91,0.00
"11/10/2024 17:15:00","GENESE",61753,36.74,-1.45,0.00
"11/10/2024 17:15:00","H Q",61844,38.26,0.08,0.00
"11/10/2024 17:15:00","HUD VL",61758,39.98,1.80,0.00
"11/10/2024 17:15:00","LONGIL",61762,38.57,0.92,0.54
"11/10/2024 17:15:00","MHK VL",61756,39.45,1.26,0.00
"11/10/2024 17:15:00","MILLWD",61759,40.02,1.83,0.00
"11/10/2024 17:15:00","N.Y.C.",61761,40.25,2.06,0.00
"11/10/2024 17:15:00","NORTH",61755,38.84,0.65,0.00
"11/10/2024 17:15:00","NPX",61845,39.30,1.37,0.26
"11/10/2024 17:15:00","O H",61846,35.32,-2.86,0.00
"11/10/2024 17:15:00","PJM",61847,37.65,-0.53,0.00
"11/10/2024 17:15:00","WEST",61752,35.94,-2.25,0.00
"11/10/2024 17:20:00","CAPITL",61757,39.58,1.78,0.00
"11/10/2024 17:20:00","CENTRL",61754,37.16,-0.64,0.00
"11/10/2024 17:20:00","DUNWOD",61760,39.70,1.89,0.00
"11/10/2024 17:20:00","GENESE",61753,36.45,-1.36,0.00
"11/10/2024 17:20:00","H Q",61844,37.88,0.08,0.00
"11/10/2024 17:20:00","HUD VL",61758,39.58,1.78,0.00
"11/10/2024 17:20:00","LONGIL",61762,38.71,0.91,0.00
"11/10/2024 17:20:00","MHK VL",61756,39.05,1.25,0.00
"11/10/2024 17:20:00","MILLWD",61759,39.62,1.81,0.00
"11/10/2024 17:20:00","N.Y.C.",61761,39.81,2.00,0.00
"11/10/2024 17:20:00","NORTH",61755,38.45,0.64,0.00
"11/10/2024 17:20:00","NPX",61845,39.13,1.32,0.00
"11/10/2024 17:20:00","O H",61846,35.05,-2.76,0.00
"11/10/2024 17:20:00","PJM",61847,37.31,-0.49,0.00
"11/10/2024 17:20:00","WEST",61752,35.61,-2.19,0.00
"11/10/2024 17:25:00","CAPITL",61757,39.43,1.77,0.00
"11/10/2024 17:25:00","CENTRL",61754,36.99,-0.68,0.00
"11/10/2024 17:25:00","DUNWOD",61760,39.66,1.99,0.00
"11/10/2024 17:25:00","GENESE",61753,36.19,-1.47,0.00
"11/10/2024 17:25:00","H Q",61844,37.70,0.04,0.00
"11/10/2024 17:25:00","HUD VL",61758,39.54,1.88,0.00
"11/10/2024 17:25:00","LONGIL",61762,38.83,1.17,0.00
"11/10/2024 17:25:00","MHK VL",61756,38.87,1.20,0.00
"11/10/2024 17:25:00","MILLWD",61759,39.58,1.92,0.00
"11/10/2024 17:25:00","N.Y.C.",61761,39.81,2.15,0.00
"11/10/2024 17:25:00","NORTH",61755,38.23,0.57,0.00
"11/10/2024 17:25:00","NPX",61845,39.02,1.35,0.00
"11/10/2024 17:25:00","O H",61846,34.72,-2.94,0.00
"11/10/2024 17:25:00","PJM",61847,37.21,-0.45,0.00
"11/10/2024 17:25:00","WEST",61752,35.29,-2.37,0.00
"11/10/2024 17:30:00","CAPITL",61757,44.95,2.02,0.00
"11/10/2024 17:30:00","CENTRL",61754,42.29,-0.64,0.00
"11/10/2024 17:30:00","DUNWOD",61760,45.25,2.32,0.00
"11/10/2024 17:30:00","GENESE",61753,41.30,-1.63,0.00
"11/10/2024 17:30:00","H Q",61844,42.89,-0.04,0.00
"11/10/2024 17:30:00","HUD VL",61758,45.08,2.15,0.00
"11/10/2024 17:30:00","LONGIL",61762,44.13,1.20,0.00
"11/10/2024 17:30:00","MHK VL",61756,44.26,1.33,0.00
"11/10/2024 17:30:00","MILLWD",61759,45.16,2.23,0.00
"11/10/2024 17:30:00","N.Y.C.",61761,45.38,2.45,0.00
"11/10/2024 17:30:00","NORTH",61755,43.49,0.56,0.00
"11/10/2024 17:30:00","NPX",61845,44.47,1.54,0.00
"11/10/2024 17:30:00","O H",61846,39.63,-3.30,0.00
"11/10/2024 17:30:00","PJM",61847,42.59,-0.34,0.00
"11/10/2024 17:30:00","WEST",61752,40.31,-2.62,0.00
"11/10/2024 17:35:00","CAPITL",61757,46.39,2.08,0.00
"11/10/2024 17:35:00","CENTRL",61754,43.69,-0.62,0.00
"11/10/2024 17:35:00","DUNWOD",61760,46.65,2.35,0.00
"11/10/2024 17:35:00","GENESE",61753,42.53,-1.77,0.00
"11/10/2024 17:35:00","H Q",61844,44.31,0.00,0.00
"11/10/2024 17:35:00","HUD VL",61758,46.48,2.17,0.00
"11/10/2024 17:35:00","LONGIL",61762,45.50,1.20,0.00
"11/10/2024 17:35:00","MHK VL",61756,45.64,1.33,0.00
"11/10/2024 17:35:00","MILLWD",61759,46.57,2.26,0.00
"11/10/2024 17:35:00","N.Y.C.",61761,46.79,2.48,0.00
"11/10/2024 17:35:00","NORTH",61755,44.84,0.53,0.00
"11/10/2024 17:35:00","NPX",61845,45.90,1.59,0.00
"11/10/2024 17:35:00","O H",61846,40.81,-3.50,0.00
"11/10/2024 17:35:00","PJM",61847,44.00,-0.31,0.00
"11/10/2024 17:35:00","WEST",61752,41.56,-2.75,0.00
"11/10/2024 17:40:00","CAPITL",61757,46.39,2.08,0.00
"11/10/2024 17:40:00","CENTRL",61754,43.69,-0.62,0.00
"11/10/2024 17:40:00","DUNWOD",61760,46.65,2.35,0.00
"11/10/2024 17:40:00","GENESE",61753,42.53,-1.77,0.00
"11/10/2024 17:40:00","H Q",61844,44.31,0.00,0.00
"11/10/2024 17:40:00","HUD VL",61758,46.52,2.21,0.00
"11/10/2024 17:40:00","LONGIL",61762,45.55,1.24,0.00
"11/10/2024 17:40:00","MHK VL",61756,45.55,1.24,0.00
"11/10/2024 17:40:00","MILLWD",61759,46.57,2.26,0.00
"11/10/2024 17:40:00","N.Y.C.",61761,46.79,2.48,0.00
"11/10/2024 17:40:00","NORTH",61755,44.84,0.53,0.00
"11/10/2024 17:40:00","NPX",61845,45.90,1.59,0.00
"11/10/2024 17:40:00","O H",61846,40.81,-3.50,0.00
"11/10/2024 17:40:00","PJM",61847,43.95,-0.36,0.00
"11/10/2024 17:40:00","WEST",61752,41.56,-2.75,0.00
"11/10/2024 17:45:00","CAPITL",61757,45.33,2.08,0.00
"11/10/2024 17:45:00","CENTRL",61754,42.60,-0.65,0.00
"11/10/2024 17:45:00","DUNWOD",61760,45.50,2.25,0.00
"11/10/2024 17:45:00","GENESE",61753,41.39,-1.86,0.00
"11/10/2024 17:45:00","H Q",61844,43.25,0.00,0.00
"11/10/2024 17:45:00","HUD VL",61758,45.37,2.12,0.00
"11/10/2024 17:45:00","LONGIL",61762,44.46,1.21,0.00
"11/10/2024 17:45:00","MHK VL",61756,44.46,1.21,0.00
"11/10/2024 17:45:00","MILLWD",61759,45.41,2.16,0.00
"11/10/2024 17:45:00","N.Y.C.",61761,45.67,2.42,0.00
"11/10/2024 17:45:00","NORTH",61755,43.77,0.52,0.00
"11/10/2024 17:45:00","NPX",61845,44.89,1.64,0.00
"11/10/2024 17:45:00","O H",61846,39.66,-3.59,0.00
"11/10/2024 17:45:00","PJM",61847,42.82,-0.43,0.00
"11/10/2024 17:45:00","WEST",61752,40.35,-2.90,0.00
"11/10/2024 17:50:00","CAPITL",61757,39.54,1.88,0.00
"11/10/2024 17:50:00","CENTRL",61754,36.99,-0.68,0.00
"11/10/2024 17:50:00","DUNWOD",61760,39.66,1.99,0.00
"11/10/2024 17:50:00","GENESE",61753,36.01,-1.66,0.00
"11/10/2024 17:50:00","H Q",61844,37.62,-0.04,0.00
"11/10/2024 17:50:00","HUD VL",61758,39.54,1.88,0.00
"11/10/2024 17:50:00","LONGIL",61762,38.79,1.13,0.00
"11/10/2024 17:50:00","MHK VL",61756,38.68,1.02,0.00
"11/10/2024 17:50:00","MILLWD",61759,39.58,1.92,0.00
"11/10/2024 17:50:00","N.Y.C.",61761,39.81,2.15,0.00
"11/10/2024 17:50:00","NORTH",61755,38.04,0.38,0.00
"11/10/2024 17:50:00","NPX",61845,39.24,1.58,0.00
"11/10/2024 17:50:00","O H",61846,34.46,-3.20,0.00
"11/10/2024 17:50:00","PJM",61847,37.21,-0.45,0.00
"11/10/2024 17:50:00","WEST",61752,35.06,-2.60,0.00
"11/10/2024 17:55:00","CAPITL",61757,37.00,1.76,0.00
"11/10/2024 17:55:00","CENTRL",61754,34.64,-0.60,0.00
"11/10/2024 17:55:00","DUNWOD",61760,37.07,1.83,0.00
"11/10/2024 17:55:00","GENESE",61753,33.83,-1.41,0.00
"11/10/2024 17:55:00","H Q",61844,35.17,-0.07,0.00
"11/10/2024 17:55:00","HUD VL",61758,36.97,1.73,0.00
"11/10/2024 17:55:00","LONGIL",61762,36.26,1.02,0.00
"11/10/2024 17:55:00","MHK VL",61756,36.16,0.91,0.00
"11/10/2024 17:55:00","MILLWD",61759,37.04,1.80,0.00
"11/10/2024 17:55:00","N.Y.C.",61761,37.18,1.94,0.00
"11/10/2024 17:55:00","NORTH",61755,35.56,0.32,0.00
"11/10/2024 17:55:00","NPX",61845,36.69,1.45,0.00
"11/10/2024 17:55:00","O H",61846,32.49,-2.75,0.00
"11/10/2024 17:55:00","PJM",61847,34.89,-0.35,0.00
"11/10/2024 17:55:00","WEST",61752,33.02,-2.22,0.00
"11/10/2024 18:00:00","CAPITL",61757,41.47,1.97,0.00
"11/10/2024 18:00:00","CENTRL",61754,38.86,-0.63,0.00
"11/10/2024 18:00:00","DUNWOD",61760,41.66,2.17,0.00
"11/10/2024 18:00:00","GENESE",61753,37.87,-1.62,0.00
"11/10/2024 18:00:00","H Q",61844,39.41,-0.08,0.00
"11/10/2024 18:00:00","HUD VL",61758,41.54,2.05,0.00
"11/10/2024 18:00:00","LONGIL",61762,41.07,1.58,0.00
"11/10/2024 18:00:00","MHK VL",61756,40.52,1.03,0.00
"11/10/2024 18:00:00","MILLWD",61759,41.58,2.09,0.00
"11/10/2024 18:00:00","N.Y.C.",61761,41.74,2.25,0.00
"11/10/2024 18:00:00","NORTH",61755,39.69,0.20,0.00
"11/10/2024 18:00:00","NPX",61845,41.07,1.58,0.00
"11/10/2024 18:00:00","O H",61846,36.33,-3.16,0.00
"11/10/2024 18:00:00","PJM",61847,39.22,-0.27,0.00
"11/10/2024 18:00:00","WEST",61752,36.93,-2.57,0.00
"11/10/2024 18:05:00","CAPITL",61757,47.11,2.20,0.00
"11/10/2024 18:05:00","CENTRL",61754,44.23,-0.67,0.00
"11/10/2024 18:05:00","DUNWOD",61760,47.51,2.60,0.00
"11/10/2024 18:05:00","GENESE",61753,42.98,-1.93,0.00
"11/10/2024 18:05:00","H Q",61844,44.77,-0.13,0.00
"11/10/2024 18:05:00","HUD VL",61758,47.33,2.42,0.00
"11/10/2024 18:05:00","LONGIL",61762,47.02,2.11,0.00
"11/10/2024 18:05:00","MHK VL",61756,46.07,1.17,0.00
"11/10/2024 18:05:00","MILLWD",61759,47.42,2.51,0.00
"11/10/2024 18:05:00","N.Y.C.",61761,47.60,2.69,0.00
"11/10/2024 18:05:00","NORTH",61755,45.04,0.14,0.00
"11/10/2024 18:05:00","NPX",61845,46.61,1.71,0.00
"11/10/2024 18:05:00","O H",61846,41.18,-3.73,0.00
"11/10/2024 18:05:00","PJM",61847,44.64,-0.27,0.00
"11/10/2024 18:05:00","WEST",61752,41.90,-3.01,0.00
"11/10/2024 18:10:00","CAPITL",61757,46.36,2.12,0.00
"11/10/2024 18:10:00","CENTRL",61754,43.71,-0.53,0.00
"11/10/2024 18:10:00","DUNWOD",61760,46.81,2.56,0.00
"11/10/2024 18:10:00","GENESE",61753,42.42,-1.82,0.00
"11/10/2024 18:10:00","H Q",61844,44.06,-0.18,0.00
"11/10/2024 18:10:00","HUD VL",61758,46.58,2.34,0.00
"11/10/2024 18:10:00","LONGIL",61762,46.23,1.99,0.00
"11/10/2024 18:10:00","MHK VL",61756,45.39,1.15,0.00
"11/10/2024 18:10:00","MILLWD",61759,46.67,2.43,0.00
"11/10/2024 18:10:00","N.Y.C.",61761,46.94,2.70,0.00
"11/10/2024 18:10:00","NORTH",61755,44.24,0.00,0.00
"11/10/2024 18:10:00","NPX",61845,45.92,1.68,0.00
"11/10/2024 18:10:00","O H",61846,40.70,-3.54,0.00
"11/10/2024 18:10:00","PJM",61847,44.11,-0.13,0.00
"11/10/2024 18:10:00","WEST",61752,41.41,-2.83,0.00
"11/10/2024 18:15:00","CAPITL",61757,46.36,2.12,0.00
"11/10/2024 18:15:00","CENTRL",61754,43.58,-0.66,0.00
"11/10/2024 18:15:00","DUNWOD",61760,46.85,2.61,0.00
"11/10/2024 18:15:00","GENESE",61753,42.29,-1.95,0.00
"11/10/2024 18:15:00","H Q",61844,44.06,-0.18,0.00
"11/10/2024 18:15:00","HUD VL",61758,46.63,2.39,0.00
"11/10/2024 18:15:00","LONGIL",61762,46.28,2.04,0.00
"11/10/2024 18:15:00","MHK VL",61756,45.35,1.11,0.00
"11/10/2024 18:15:00","MILLWD",61759,46.76,2.52,0.00
"11/10/2024 18:15:00","N.Y.C.",61761,47.03,2.79,0.00
"11/10/2024 18:15:00","NORTH",61755,44.20,-0.04,0.00
"11/10/2024 18:15:00","NPX",61845,45.96,1.72,0.00
"11/10/2024 18:15:00","O H",61846,40.52,-3.72,0.00
"11/10/2024 18:15:00","PJM",61847,44.06,-0.18,0.00
"11/10/2024 18:15:00","WEST",61752,41.23,-3.01,0.00
"11/10/2024 18:20:00","CAPITL",61757,47.06,2.16,0.00
"11/10/2024 18:20:00","CENTRL",61754,44.32,-0.59,0.00
"11/10/2024 18:20:00","DUNWOD",61760,47.60,2.69,0.00
"11/10/2024 18:20:00","GENESE",61753,42.98,-1.93,0.00
"11/10/2024 18:20:00","H Q",61844,44.73,-0.18,0.00
"11/10/2024 18:20:00","HUD VL",61758,47.38,2.47,0.00
"11/10/2024 18:20:00","LONGIL",61762,46.97,2.07,0.00
"11/10/2024 18:20:00","MHK VL",61756,46.03,1.12,0.00
"11/10/2024 18:20:00","MILLWD",61759,47.47,2.56,0.00
"11/10/2024 18:20:00","N.Y.C.",61761,47.74,2.83,0.00
"11/10/2024 18:20:00","NORTH",61755,44.82,-0.09,0.00
"11/10/2024 18:20:00","NPX",61845,46.71,1.80,0.00
"11/10/2024 18:20:00","O H",61846,41.18,-3.73,0.00
"11/10/2024 18:20:00","PJM",61847,44.82,-0.09,0.00
"11/10/2024 18:20:00","WEST",61752,41.90,-3.01,0.00
"11/10/2024 18:25:00","CAPITL",61757,46.86,2.15,0.00
"11/10/2024 18:25:00","CENTRL",61754,44.22,-0.49,0.00
"11/10/2024 18:25:00","DUNWOD",61760,47.26,2.55,0.00
"11/10/2024 18:25:00","GENESE",61753,42.92,-1.79,0.00
"11/10/2024 18:25:00","H Q",61844,44.53,-0.18,0.00
"11/10/2024 18:25:00","HUD VL",61758,47.08,2.37,0.00
"11/10/2024 18:25:00","LONGIL",61762,46.63,1.92,0.00
"11/10/2024 18:25:00","MHK VL",61756,45.87,1.16,0.00
"11/10/2024 18:25:00","MILLWD",61759,47.17,2.46,0.00
"11/10/2024 18:25:00","N.Y.C.",61761,47.39,2.68,0.00
"11/10/2024 18:25:00","NORTH",61755,44.71,0.00,0.00
"11/10/2024 18:25:00","NPX",61845,46.45,1.74,0.00
"11/10/2024 18:25:00","O H",61846,41.22,-3.49,0.00
"11/10/2024 18:25:00","PJM",61847,44.67,-0.04,0.00
"11/10/2024 18:25:00","WEST",61752,41.94,-2.77,0.00
"11/10/2024 18:30:00","CAPITL",61757,49.60,2.32,0.00
"11/10/2024 18:30:00","CENTRL",61754,46.72,-0.57,0.00
"11/10/2024 18:30:00","DUNWOD",61760,49.98,2.69,0.00
"11/10/2024 18:30:00","GENESE",61753,45.34,-1.94,0.00
"11/10/2024 18:30:00","H Q",61844,47.10,-0.19,0.00
"11/10/2024 18:30:00","HUD VL",61758,49.74,2.46,0.00
"11/10/2024 18:30:00","LONGIL",61762,49.36,2.08,0.00
"11/10/2024 18:30:00","MHK VL",61756,48.51,1.23,0.00
"11/10/2024 18:30:00","MILLWD",61759,49.84,2.55,0.00
"11/10/2024 18:30:00","N.Y.C.",61761,50.12,2.84,0.00
"11/10/2024 18:30:00","NORTH",61755,47.33,0.05,0.00
"11/10/2024 18:30:00","NPX",61845,49.18,1.89,0.00
"11/10/2024 18:30:00","O H",61846,43.50,-3.78,0.00
"11/10/2024 18:30:00","PJM",61847,47.19,-0.09,0.00
"11/10/2024 18:30:00","WEST",61752,44.26,-3.03,0.00
"11/10/2024 18:35:00","CAPITL",61757,48.04,2.29,0.00
"11/10/2024 18:35:00","CENTRL",61754,45.11,-0.64,0.00
"11/10/2024 18:35:00","DUNWOD",61760,48.36,2.61,0.00
"11/10/2024 18:35:00","GENESE",61753,43.83,-1.92,0.00
"11/10/2024 18:35:00","H Q",61844,45.57,-0.18,0.00
"11/10/2024 18:35:00","HUD VL",61758,48.17,2.42,0.00
"11/10/2024 18:35:00","LONGIL",61762,47.72,1.97,0.00
"11/10/2024 18:35:00","MHK VL",61756,46.94,1.19,0.00
"11/10/2024 18:35:00","MILLWD",61759,48.27,2.51,0.00
"11/10/2024 18:35:00","N.Y.C.",61761,48.50,2.74,0.00
"11/10/2024 18:35:00","NORTH",61755,45.84,0.09,0.00
"11/10/2024 18:35:00","NPX",61845,47.67,1.92,0.00
"11/10/2024 18:35:00","O H",61846,42.05,-3.70,0.00
"11/10/2024 18:35:00","PJM",61847,45.57,-0.18,0.00
"11/10/2024 18:35:00","WEST",61752,42.78,-2.97,0.00
"11/10/2024 18:40:00","CAPITL",61757,48.06,2.29,0.00
"11/10/2024 18:40:00","CENTRL",61754,45.09,-0.69,0.00
"11/10/2024 18:40:00","DUNWOD",61760,48.38,2.61,0.00
"11/10/2024 18:40:00","GENESE",61753,43.81,-1.97,0.00
"11/10/2024 18:40:00","H Q",61844,45.64,-0.14,0.00
"11/10/2024 18:40:00","HUD VL",61758,48.20,2.42,0.00
"11/10/2024 18:40:00","LONGIL",61762,47.74,1.97,0.00
"11/10/2024 18:40:00","MHK VL",61756,47.10,1.33,0.00
"11/10/2024 18:40:00","MILLWD",61759,48.29,2.52,0.00
"11/10/2024 18:40:00","N.Y.C.",61761,48.56,2.79,0.00
"11/10/2024 18:40:00","NORTH",61755,45.86,0.09,0.00
"11/10/2024 18:40:00","NPX",61845,47.69,1.92,0.00
"11/10/2024 18:40:00","O H",61846,42.02,-3.75,0.00
"11/10/2024 18:40:00","PJM",61847,45.54,-0.23,0.00
"11/10/2024 18:40:00","WEST",61752,42.75,-3.02,0.00
"11/10/2024 18:45:00","CAPITL",61757,56.00,2.67,0.00
"11/10/2024 18:45:00","CENTRL",61754,52.37,-0.96,0.00
"11/10/2024 18:45:00","DUNWOD",61760,56.48,3.15,0.00
"11/10/2024 18:45:00","GENESE",61753,50.61,-2.72,0.00
"11/10/2024 18:45:00","H Q",61844,53.17,-0.16,0.00
"11/10/2024 18:45:00","HUD VL",61758,56.21,2.88,0.00
"11/10/2024 18:45:00","LONGIL",61762,55.84,2.51,0.00
"11/10/2024 18:45:00","MHK VL",61756,54.88,1.55,0.00
"11/10/2024 18:45:00","MILLWD",61759,56.32,2.98,0.00
"11/10/2024 18:45:00","N.Y.C.",61761,56.64,3.31,0.00
"11/10/2024 18:45:00","NORTH",61755,53.44,0.11,0.00
"11/10/2024 18:45:00","NPX",61845,55.68,2.34,0.00
"11/10/2024 18:45:00","O H",61846,48.21,-5.12,0.00
"11/10/2024 18:45:00","PJM",61847,52.80,-0.53,0.00
"11/10/2024 18:45:00","WEST",61752,49.06,-4.27,0.00
"11/10/2024 18:50:00","CAPITL",61757,51.03,2.47,0.00
"11/10/2024 18:50:00","CENTRL",61754,47.59,-0.97,0.00
"11/10/2024 18:50:00","DUNWOD",61760,51.37,2.82,0.00
"11/10/2024 18:50:00","GENESE",61753,46.13,-2.43,0.00
"11/10/2024 18:50:00","H Q",61844,48.41,-0.15,0.00
"11/10/2024 18:50:00","HUD VL",61758,51.13,2.57,0.00
"11/10/2024 18:50:00","LONGIL",61762,50.84,2.28,0.00
"11/10/2024 18:50:00","MHK VL",61756,49.96,1.41,0.00
"11/10/2024 18:50:00","MILLWD",61759,51.22,2.67,0.00
"11/10/2024 18:50:00","N.Y.C.",61761,51.52,2.96,0.00
"11/10/2024 18:50:00","NORTH",61755,48.80,0.24,0.00
"11/10/2024 18:50:00","NPX",61845,56.99,2.19,-6.25
"11/10/2024 18:50:00","O H",61846,43.99,-4.57,0.00
"11/10/2024 18:50:00","PJM",61847,48.02,-0.53,0.00
"11/10/2024 18:50:00","WEST",61752,44.77,-3.79,0.00
"11/10/2024 18:55:00","CAPITL",61757,51.03,2.47,0.00
"11/10/2024 18:55:00","CENTRL",61754,47.68,-0.87,0.00
"11/10/2024 18:55:00","DUNWOD",61760,51.32,2.77,0.00
"11/10/2024 18:55:00","GENESE",61753,46.13,-2.43,0.00
"11/10/2024 18:55:00","H Q",61844,48.41,-0.15,0.00
"11/10/2024 18:55:00","HUD VL",61758,51.13,2.57,0.00
"11/10/2024 18:55:00","LONGIL",61762,50.79,2.23,0.00
"11/10/2024 18:55:00","MHK VL",61756,49.96,1.41,0.00
"11/10/2024 18:55:00","MILLWD",61759,51.22,2.67,0.00
"11/10/2024 18:55:00","N.Y.C.",61761,51.52,2.96,0.00
"11/10/2024 18:55:00","NORTH",61755,48.85,0.29,0.00
"11/10/2024 18:55:00","NPX",61845,56.99,2.19,-6.25
"11/10/2024 18:55:00","O H",61846,44.09,-4.47,0.00
"11/10/2024 18:55:00","PJM",61847,48.12,-0.44,0.00
"11/10/2024 18:55:00","WEST",61752,44.86,-3.69,0.00
"11/10/2024 19:00:00","CAPITL",61757,47.41,2.26,0.00
"11/10/2024 19:00:00","CENTRL",61754,44.39,-0.77,0.00
"11/10/2024 19:00:00","DUNWOD",61760,47.73,2.57,0.00
"11/10/2024 19:00:00","GENESE",61753,43.03,-2.12,0.00
"11/10/2024 19:00:00","H Q",61844,45.06,-0.09,0.00
"11/10/2024 19:00:00","HUD VL",61758,47.50,2.35,0.00
"11/10/2024 19:00:00","LONGIL",61762,47.32,2.17,0.00
"11/10/2024 19:00:00","MHK VL",61756,46.46,1.31,0.00
"11/10/2024 19:00:00","MILLWD",61759,47.59,2.44,0.00
"11/10/2024 19:00:00","N.Y.C.",61761,47.86,2.71,0.00
"11/10/2024 19:00:00","NORTH",61755,45.47,0.32,0.00
"11/10/2024 19:00:00","NPX",61845,53.34,1.94,-6.25
"11/10/2024 19:00:00","O H",61846,41.18,-3.97,0.00
"11/10/2024 19:00:00","PJM",61847,44.84,-0.31,0.00
"11/10/2024 19:00:00","WEST",61752,41.95,-3.20,0.00
"11/10/2024 19:05:00","CAPITL",61757,55.63,2.65,0.00
"11/10/2024 19:05:00","CENTRL",61754,52.19,-0.79,0.00
"11/10/2024 19:05:00","DUNWOD",61760,56.00,3.02,0.00
"11/10/2024 19:05:00","GENESE",61753,50.44,-2.54,0.00
"11/10/2024 19:05:00","H Q",61844,52.82,-0.16,0.00
"11/10/2024 19:05:00","HUD VL",61758,55.74,2.75,0.00
"11/10/2024 19:05:00","LONGIL",61762,55.63,2.65,0.00
"11/10/2024 19:05:00","MHK VL",61756,54.52,1.54,0.00
"11/10/2024 19:05:00","MILLWD",61759,55.84,2.86,0.00
"11/10/2024 19:05:00","N.Y.C.",61761,56.16,3.18,0.00
"11/10/2024 19:05:00","NORTH",61755,53.40,0.42,0.00
"11/10/2024 19:05:00","NPX",61845,55.21,2.22,0.00
"11/10/2024 19:05:00","O H",61846,48.27,-4.72,0.00
"11/10/2024 19:05:00","PJM",61847,52.67,-0.32,0.00
"11/10/2024 19:05:00","WEST",61752,49.12,-3.87,0.00
"11/10/2024 19:10:00","CAPITL",61757,55.82,2.61,0.00
"11/10/2024 19:10:00","CENTRL",61754,52.42,-0.80,0.00
"11/10/2024 19:10:00","DUNWOD",61760,56.19,2.98,0.00
"11/10/2024 19:10:00","GENESE",61753,50.55,-2.66,0.00
"11/10/2024 19:10:00","H Q",61844,53.11,-0.11,0.00
"11/10/2024 19:10:00","HUD VL",61758,55.98,2.77,0.00
"11/10/2024 19:10:00","LONGIL",61762,55.82,2.61,0.00
"11/10/2024 19:10:00","MHK VL",61756,54.70,1.49,0.00
"11/10/2024 19:10:00","MILLWD",61759,56.08,2.87,0.00
"11/10/2024 19:10:00","N.Y.C.",61761,56.35,3.14,0.00
"11/10/2024 19:10:00","NORTH",61755,53.69,0.48,0.00
"11/10/2024 19:10:00","NPX",61845,55.40,2.18,0.00
"11/10/2024 19:10:00","O H",61846,48.27,-4.95,0.00
"11/10/2024 19:10:00","PJM",61847,52.84,-0.37,0.00
"11/10/2024 19:10:00","WEST",61752,49.06,-4.15,0.00
"11/10/2024 19:15:00","CAPITL",61757,39.90,1.90,0.00
"11/10/2024 19:15:00","CENTRL",61754,37.32,-0.68,0.00
"11/10/2024 19:15:00","DUNWOD",61760,40.13,2.13,0.00
"11/10/2024 19:15:00","GENESE",61753,36.18,-1.82,0.00
"11/10/2024 19:15:00","H Q",61844,37.97,-0.04,0.00
"11/10/2024 19:15:00","HUD VL",61758,39.94,1.94,0.00
"11/10/2024 19:15:00","LONGIL",61762,39.90,1.90,0.00
"11/10/2024 19:15:00","MHK VL",61756,38.99,0.99,0.00
"11/10/2024 19:15:00","MILLWD",61759,40.02,2.01,0.00
"11/10/2024 19:15:00","N.Y.C.",61761,40.24,2.24,0.00
"11/10/2024 19:15:00","NORTH",61755,38.42,0.42,0.00
"11/10/2024 19:15:00","NPX",61845,39.60,1.60,0.00
"11/10/2024 19:15:00","O H",61846,34.62,-3.38,0.00
"11/10/2024 19:15:00","PJM",61847,37.66,-0.34,0.00
"11/10/2024 19:15:00","WEST",61752,35.19,-2.81,0.00
"11/10/2024 19:20:00","CAPITL",61757,22.74,1.06,0.00
"11/10/2024 19:20:00","CENTRL",61754,21.29,-0.39,0.00
"11/10/2024 19:20:00","DUNWOD",61760,22.83,1.15,0.00
"11/10/2024 19:20:00","GENESE",61753,20.72,-0.95,0.00
"11/10/2024 19:20:00","H Q",61844,21.66,-0.02,0.00
"11/10/2024 19:20:00","HUD VL",61758,22.74,1.06,0.00
"11/10/2024 19:20:00","LONGIL",61762,22.76,1.08,0.00
"11/10/2024 19:20:00","MHK VL",61756,22.20,0.52,0.00
"11/10/2024 19:20:00","MILLWD",61759,22.78,1.10,0.00
"11/10/2024 19:20:00","N.Y.C.",61761,22.85,1.17,0.00
"11/10/2024 19:20:00","NORTH",61755,21.92,0.24,0.00
"11/10/2024 19:20:00","NPX",61845,31.34,0.93,-8.73
"11/10/2024 19:20:00","O H",61846,19.90,-1.78,0.00
"11/10/2024 19:20:00","PJM",61847,21.46,-0.22,0.00
"11/10/2024 19:20:00","WEST",61752,20.23,-1.45,0.00
"11/10/2024 19:25:00","CAPITL",61757,25.05,1.19,0.00
"11/10/2024 19:25:00","CENTRL",61754,23.43,-0.43,0.00
"11/10/2024 19:25:00","DUNWOD",61760,25.12,1.26,0.00
"11/10/2024 19:25:00","GENESE",61753,22.93,-0.93,0.00
"11/10/2024 19:25:00","H Q",61844,23.84,-0.02,0.00
"11/10/2024 19:25:00","HUD VL",61758,25.03,1.17,0.00
"11/10/2024 19:25:00","LONGIL",61762,25.01,1.15,0.00
"11/10/2024 19:25:00","MHK VL",61756,24.43,0.57,0.00
"11/10/2024 19:25:00","MILLWD",61759,25.08,1.22,0.00
"11/10/2024 19:25:00","N.Y.C.",61761,25.15,1.29,0.00
"11/10/2024 19:25:00","NORTH",61755,24.12,0.26,0.00
"11/10/2024 19:25:00","NPX",61845,33.62,1.03,-8.73
"11/10/2024 19:25:00","O H",61846,22.07,-1.79,0.00
"11/10/2024 19:25:00","PJM",61847,23.65,-0.22,0.00
"11/10/2024 19:25:00","WEST",61752,22.43,-1.43,0.00
"11/10/2024 19:28:03","CAPITL",61757,24.95,1.17,0.00
"11/10/2024 19:28:03","CENTRL",61754,23.40,-0.38,0.00
"11/10/2024 19:28:03","DUNWOD",61760,25.02,1.24,0.00
"11/10/2024 19:28:03","GENESE",61753,22.88,-0.90,0.00
"11/10/2024 19:28:03","H Q",61844,23.76,-0.02,0.00
"11/10/2024 19:28:03","HUD VL",61758,24.93,1.14,0.00
"11/10/2024 19:28:03","LONGIL",61762,24.95,1.17,0.00
"11/10/2024 19:28:03","MHK VL",61756,24.35,0.57,0.00
"11/10/2024 19:28:03","MILLWD",61759,24.95,1.17,0.00
"11/10/2024 19:28:03","N.Y.C.",61761,25.02,1.24,0.00
"11/10/2024 19:28:03","NORTH",61755,24.05,0.26,0.00
"11/10/2024 19:28:03","NPX",61845,33.52,1.00,-8.73
"11/10/2024 19:28:03","O H",61846,22.07,-1.71,0.00
"11/10/2024 19:28:03","PJM",61847,23.62,-0.17,0.00
"11/10/2024 19:28:03","WEST",61752,22.43,-1.35,0.00
"11/10/2024 19:29:27","CAPITL",61757,25.17,1.18,0.00
"11/10/2024 19:29:27","CENTRL",61754,23.56,-0.43,0.00
"11/10/2024 19:29:27","DUNWOD",61760,25.26,1.27,0.00
"11/10/2024 19:29:27","GENESE",61753,22.96,-1.03,0.00
"11/10/2024 19:29:27","H Q",61844,23.97,-0.02,0.00
"11/10/2024 19:29:27","HUD VL",61758,25.17,1.18,0.00
"11/10/2024 19:29:27","LONGIL",61762,25.21,1.22,0.00
"11/10/2024 19:29:27","MHK VL",61756,24.57,0.57,0.00
"11/10/2024 19:29:27","MILLWD",61759,25.19,1.20,0.00
"11/10/2024 19:29:27","N.Y.C.",61761,25.31,1.32,0.00
"11/10/2024 19:29:27","NORTH",61755,24.23,0.24,0.00
"11/10/2024 19:29:27","NPX",61845,29.98,1.03,-4.96
"11/10/2024 19:29:27","O H",61846,22.07,-1.92,0.00
"11/10/2024 19:29:27","PJM",61847,23.75,-0.24,0.00
"11/10/2024 19:29:27","WEST",61752,22.43,-1.56,0.00
"11/10/2024 19:30:00","CAPITL",61757,25.06,1.17,0.00
"11/10/2024 19:30:00","CENTRL",61754,23.46,-0.43,0.00
"11/10/2024 19:30:00","DUNWOD",61760,25.13,1.24,0.00
"11/10/2024 19:30:00","GENESE",61753,22.93,-0.96,0.00
"11/10/2024 19:30:00","H Q",61844,23.86,-0.02,0.00
"11/10/2024 19:30:00","HUD VL",61758,25.03,1.15,0.00
"11/10/2024 19:30:00","LONGIL",61762,25.06,1.17,0.00
"11/10/2024 19:30:00","MHK VL",61756,24.46,0.57,0.00
"11/10/2024 19:30:00","MILLWD",61759,25.08,1.19,0.00
"11/10/2024 19:30:00","N.Y.C.",61761,25.18,1.29,0.00
"11/10/2024 19:30:00","NORTH",61755,24.15,0.26,0.00
"11/10/2024 19:30:00","NPX",61845,29.87,1.03,-4.96
"11/10/2024 19:30:00","O H",61846,22.07,-1.82,0.00
"11/10/2024 19:30:00","PJM",61847,23.67,-0.22,0.00
"11/10/2024 19:30:00","WEST",61752,22.43,-1.46,0.00
"11/10/2024 19:35:00","CAPITL",61757,25.06,1.17,0.00
"11/10/2024 19:35:00","CENTRL",61754,23.46,-0.43,0.00
"11/10/2024 19:35:00","DUNWOD",61760,25.13,1.24,0.00
"11/10/2024 19:35:00","GENESE",61753,22.93,-0.96,0.00
"11/10/2024 19:35:00","H Q",61844,23.86,-0.02,0.00
"11/10/2024 19:35:00","HUD VL",61758,25.03,1.15,0.00
"11/10/2024 19:35:00","LONGIL",61762,25.06,1.17,0.00
"11/10/2024 19:35:00","MHK VL",61756,24.46,0.57,0.00
"11/10/2024 19:35:00","MILLWD",61759,25.08,1.19,0.00
"11/10/2024 19:35:00","N.Y.C.",61761,25.18,1.29,0.00
"11/10/2024 19:35:00","NORTH",61755,24.15,0.26,0.00
"11/10/2024 19:35:00","NPX",61845,29.87,1.03,-4.96
"11/10/2024 19:35:00","O H",61846,22.07,-1.82,0.00
"11/10/2024 19:35:00","PJM",61847,23.67,-0.22,0.00
"11/10/2024 19:35:00","WEST",61752,22.43,-1.46,0.00
"11/10/2024 19:40:00","CAPITL",61757,25.06,1.17,0.00
"11/10/2024 19:40:00","CENTRL",61754,23.50,-0.38,0.00
"11/10/2024 19:40:00","DUNWOD",61760,25.13,1.24,0.00
"11/10/2024 19:40:00","GENESE",61753,22.93,-0.96,0.00
"11/10/2024 19:40:00","H Q",61844,23.86,-0.02,0.00
"11/10/2024 19:40:00","HUD VL",61758,25.03,1.15,0.00
"11/10/2024 19:40:00","LONGIL",61762,25.06,1.17,0.00
"11/10/2024 19:40:00","MHK VL",61756,24.46,0.57,0.00
"11/10/2024 19:40:00","MILLWD",61759,25.08,1.19,0.00
"11/10/2024 19:40:00","N.Y.C.",61761,25.18,1.29,0.00
"11/10/2024 19:40:00","NORTH",61755,24.13,0.24,0.00
"11/10/2024 19:40:00","NPX",61845,29.87,1.03,-4.96
"11/10/2024 19:40:00","O H",61846,22.07,-1.82,0.00
"11/10/2024 19:40:00","PJM",61847,23.67,-0.22,0.00
"11/10/2024 19:40:00","WEST",61752,22.43,-1.46,0.00
"11/10/2024 19:45:00","CAPITL",61757,30.99,1.45,0.00
"11/10/2024 19:45:00","CENTRL",61754,29.01,-0.53,0.00
"11/10/2024 19:45:00","DUNWOD",61760,31.13,1.59,0.00
"11/10/2024 19:45:00","GENESE",61753,28.21,-1.33,0.00
"11/10/2024 19:45:00","H Q",61844,29.51,-0.03,0.00
"11/10/2024 19:45:00","HUD VL",61758,30.99,1.45,0.00
"11/10/2024 19:45:00","LONGIL",61762,31.08,1.54,0.00
"11/10/2024 19:45:00","MHK VL",61756,30.25,0.71,0.00
"11/10/2024 19:45:00","MILLWD",61759,31.05,1.51,0.00
"11/10/2024 19:45:00","N.Y.C.",61761,31.22,1.68,0.00
"11/10/2024 19:45:00","NORTH",61755,29.87,0.33,0.00
"11/10/2024 19:45:00","NPX",61845,35.77,1.27,-4.96
"11/10/2024 19:45:00","O H",61846,27.09,-2.45,0.00
"11/10/2024 19:45:00","PJM",61847,29.25,-0.30,0.00
"11/10/2024 19:45:00","WEST",61752,27.53,-2.01,0.00
"11/10/2024 19:50:00","CAPITL",61757,30.99,1.45,0.00
"11/10/2024 19:50:00","CENTRL",61754,29.07,-0.47,0.00
"11/10/2024 19:50:00","DUNWOD",61760,31.08,1.54,0.00
"11/10/2024 19:50:00","GENESE",61753,28.21,-1.33,0.00
"11/10/2024 19:50:00","H Q",61844,29.51,-0.03,0.00
"11/10/2024 19:50:00","HUD VL",61758,30.96,1.42,0.00
"11/10/2024 19:50:00","LONGIL",61762,31.02,1.48,0.00
"11/10/2024 19:50:00","MHK VL",61756,30.28,0.74,0.00
"11/10/2024 19:50:00","MILLWD",61759,31.02,1.48,0.00
"11/10/2024 19:50:00","N.Y.C.",61761,31.16,1.62,0.00
"11/10/2024 19:50:00","NORTH",61755,29.87,0.33,0.00
"11/10/2024 19:50:00","NPX",61845,33.85,1.24,-3.06
"11/10/2024 19:50:00","O H",61846,27.12,-2.42,0.00
"11/10/2024 19:50:00","PJM",61847,29.27,-0.27,0.00
"11/10/2024 19:50:00","WEST",61752,27.53,-2.01,0.00
"11/10/2024 19:55:00","CAPITL",61757,30.95,1.45,0.00
"11/10/2024 19:55:00","CENTRL",61754,29.04,-0.47,0.00
"11/10/2024 19:55:00","DUNWOD",61760,31.04,1.53,0.00
"11/10/2024 19:55:00","GENESE",61753,28.21,-1.30,0.00
"11/10/2024 19:55:00","H Q",61844,29.48,-0.03,0.00
"11/10/2024 19:55:00","HUD VL",61758,30.92,1.42,0.00
"11/10/2024 19:55:00","LONGIL",61762,31.01,1.50,0.00
"11/10/2024 19:55:00","MHK VL",61756,30.25,0.74,0.00
"11/10/2024 19:55:00","MILLWD",61759,30.98,1.47,0.00
"11/10/2024 19:55:00","N.Y.C.",61761,31.13,1.62,0.00
"11/10/2024 19:55:00","NORTH",61755,29.83,0.33,0.00
"11/10/2024 19:55:00","NPX",61845,33.84,1.27,-3.06
"11/10/2024 19:55:00","O H",61846,27.12,-2.39,0.00
"11/10/2024 19:55:00","PJM",61847,29.27,-0.24,0.00
"11/10/2024 19:55:00","WEST",61752,27.53,-1.98,0.00
"11/10/2024 20:00:00","CAPITL",61757,39.15,1.83,0.00
"11/10/2024 20:00:00","CENTRL",61754,36.65,-0.67,0.00
"11/10/2024 20:00:00","DUNWOD",61760,39.30,1.98,0.00
"11/10/2024 20:00:00","GENESE",61753,35.57,-1.75,0.00
"11/10/2024 20:00:00","H Q",61844,37.32,0.00,0.00
"11/10/2024 20:00:00","HUD VL",61758,39.15,1.83,0.00
"11/10/2024 20:00:00","LONGIL",61762,39.26,1.94,0.00
"11/10/2024 20:00:00","MHK VL",61756,38.18,0.86,0.00
"11/10/2024 20:00:00","MILLWD",61759,39.19,1.87,0.00
"11/10/2024 20:00:00","N.Y.C.",61761,39.45,2.13,0.00
"11/10/2024 20:00:00","NORTH",61755,37.77,0.45,0.00
"11/10/2024 20:00:00","NPX",61845,41.99,1.60,-3.06
"11/10/2024 20:00:00","O H",61846,34.15,-3.17,0.00
"11/10/2024 20:00:00","PJM",61847,36.95,-0.37,0.00
"11/10/2024 20:00:00","WEST",61752,34.67,-2.65,0.00
"11/10/2024 20:05:00","CAPITL",61757,31.22,1.46,0.00
"11/10/2024 20:05:00","CENTRL",61754,29.20,-0.57,0.00
"11/10/2024 20:05:00","DUNWOD",61760,31.34,1.58,0.00
"11/10/2024 20:05:00","GENESE",61753,28.33,-1.43,0.00
"11/10/2024 20:05:00","H Q",61844,29.76,0.00,0.00
"11/10/2024 20:05:00","HUD VL",61758,31.22,1.46,0.00
"11/10/2024 20:05:00","LONGIL",61762,31.37,1.61,0.00
"11/10/2024 20:05:00","MHK VL",61756,30.45,0.69,0.00
"11/10/2024 20:05:00","MILLWD",61759,31.28,1.52,0.00
"11/10/2024 20:05:00","N.Y.C.",61761,31.46,1.70,0.00
"11/10/2024 20:05:00","NORTH",61755,30.12,0.36,0.00
"11/10/2024 20:05:00","NPX",61845,48.81,1.28,-17.77
"11/10/2024 20:05:00","O H",61846,27.20,-2.56,0.00
"11/10/2024 20:05:00","PJM",61847,29.44,-0.33,0.00
"11/10/2024 20:05:00","WEST",61752,27.59,-2.17,0.00
"11/10/2024 20:10:00","CAPITL",61757,31.06,1.45,0.00
"11/10/2024 20:10:00","CENTRL",61754,29.07,-0.53,0.00
"11/10/2024 20:10:00","DUNWOD",61760,31.20,1.60,0.00
"11/10/2024 20:10:00","GENESE",61753,28.21,-1.39,0.00
"11/10/2024 20:10:00","H Q",61844,29.58,-0.03,0.00
"11/10/2024 20:10:00","HUD VL",61758,31.06,1.45,0.00
"11/10/2024 20:10:00","LONGIL",61762,31.17,1.57,0.00
"11/10/2024 20:10:00","MHK VL",61756,30.29,0.68,0.00
"11/10/2024 20:10:00","MILLWD",61759,31.11,1.51,0.00
"11/10/2024 20:10:00","N.Y.C.",61761,31.29,1.69,0.00
"11/10/2024 20:10:00","NORTH",61755,29.96,0.36,0.00
"11/10/2024 20:10:00","NPX",61845,48.65,1.27,-17.77
"11/10/2024 20:10:00","O H",61846,27.09,-2.52,0.00
"11/10/2024 20:10:00","PJM",61847,29.31,-0.30,0.00
"11/10/2024 20:10:00","WEST",61752,27.50,-2.10,0.00
"11/10/2024 20:15:00","CAPITL",61757,37.93,1.77,0.00
"11/10/2024 20:15:00","CENTRL",61754,35.40,-0.76,0.00
"11/10/2024 20:15:00","DUNWOD",61760,38.11,1.95,0.00
"11/10/2024 20:15:00","GENESE",61753,34.21,-1.95,0.00
"11/10/2024 20:15:00","H Q",61844,36.16,0.00,0.00
"11/10/2024 20:15:00","HUD VL",61758,37.97,1.81,0.00
"11/10/2024 20:15:00","LONGIL",61762,38.15,1.99,0.00
"11/10/2024 20:15:00","MHK VL",61756,36.99,0.83,0.00
"11/10/2024 20:15:00","MILLWD",61759,38.04,1.88,0.00
"11/10/2024 20:15:00","N.Y.C.",61761,38.22,2.06,0.00
"11/10/2024 20:15:00","NORTH",61755,36.56,0.40,0.00
"11/10/2024 20:15:00","NPX",61845,55.52,1.59,-17.77
"11/10/2024 20:15:00","O H",61846,32.69,-3.47,0.00
"11/10/2024 20:15:00","PJM",61847,35.65,-0.51,0.00
"11/10/2024 20:15:00","WEST",61752,33.19,-2.96,0.00
"11/10/2024 20:20:00","CAPITL",61757,31.44,1.47,0.00
"11/10/2024 20:20:00","CENTRL",61754,29.37,-0.60,0.00
"11/10/2024 20:20:00","DUNWOD",61760,31.64,1.68,0.00
"11/10/2024 20:20:00","GENESE",61753,28.38,-1.59,0.00
"11/10/2024 20:20:00","H Q",61844,29.94,-0.03,0.00
"11/10/2024 20:20:00","HUD VL",61758,31.49,1.53,0.00
"11/10/2024 20:20:00","LONGIL",61762,31.70,1.74,0.00
"11/10/2024 20:20:00","MHK VL",61756,30.66,0.69,0.00
"11/10/2024 20:20:00","MILLWD",61759,31.55,1.59,0.00
"11/10/2024 20:20:00","N.Y.C.",61761,31.73,1.77,0.00
"11/10/2024 20:20:00","NORTH",61755,30.30,0.33,0.00
"11/10/2024 20:20:00","NPX",61845,49.92,1.35,-18.60
"11/10/2024 20:20:00","O H",61846,27.12,-2.85,0.00
"11/10/2024 20:20:00","PJM",61847,29.58,-0.39,0.00
"11/10/2024 20:20:00","WEST",61752,27.57,-2.40,0.00
"11/10/2024 20:25:00","CAPITL",61757,31.30,1.46,0.00
"11/10/2024 20:25:00","CENTRL",61754,29.27,-0.57,0.00
"11/10/2024 20:25:00","DUNWOD",61760,31.47,1.64,0.00
"11/10/2024 20:25:00","GENESE",61753,28.31,-1.52,0.00
"11/10/2024 20:25:00","H Q",61844,29.81,-0.03,0.00
"11/10/2024 20:25:00","HUD VL",61758,31.33,1.49,0.00
"11/10/2024 20:25:00","LONGIL",61762,31.50,1.67,0.00
"11/10/2024 20:25:00","MHK VL",61756,30.52,0.69,0.00
"11/10/2024 20:25:00","MILLWD",61759,31.39,1.55,0.00
"11/10/2024 20:25:00","N.Y.C.",61761,31.56,1.73,0.00
"11/10/2024 20:25:00","NORTH",61755,30.13,0.30,0.00
"11/10/2024 20:25:00","NPX",61845,49.78,1.34,-18.60
"11/10/2024 20:25:00","O H",61846,27.12,-2.71,0.00
"11/10/2024 20:25:00","PJM",61847,29.51,-0.33,0.00
"11/10/2024 20:25:00","WEST",61752,27.57,-2.27,0.00
"11/10/2024 20:30:00","CAPITL",61757,31.16,1.43,0.00
"11/10/2024 20:30:00","CENTRL",61754,29.17,-0.57,0.00
"11/10/2024 20:30:00","DUNWOD",61760,31.34,1.60,0.00
"11/10/2024 20:30:00","GENESE",61753,28.25,-1.49,0.00
"11/10/2024 20:30:00","H Q",61844,29.71,-0.03,0.00
"11/10/2024 20:30:00","HUD VL",61758,31.19,1.46,0.00
"11/10/2024 20:30:00","LONGIL",61762,31.37,1.63,0.00
"11/10/2024 20:30:00","MHK VL",61756,30.42,0.68,0.00
"11/10/2024 20:30:00","MILLWD",61759,31.25,1.52,0.00
"11/10/2024 20:30:00","N.Y.C.",61761,31.43,1.69,0.00
"11/10/2024 20:30:00","NORTH",61755,30.06,0.33,0.00
"11/10/2024 20:30:00","NPX",61845,49.68,1.34,-18.60
"11/10/2024 20:30:00","O H",61846,27.09,-2.65,0.00
"11/10/2024 20:30:00","PJM",61847,29.41,-0.33,0.00
"11/10/2024 20:30:00","WEST",61752,27.57,-2.17,0.00
"11/10/2024 20:35:00","CAPITL",61757,31.09,1.42,0.00
"11/10/2024 20:35:00","CENTRL",61754,29.14,-0.53,0.00
"11/10/2024 20:35:00","DUNWOD",61760,31.24,1.57,0.00
"11/10/2024 20:35:00","GENESE",61753,28.22,-1.45,0.00
"11/10/2024 20:35:00","H Q",61844,29.64,-0.03,0.00
"11/10/2024 20:35:00","HUD VL",61758,31.09,1.42,0.00
"11/10/2024 20:35:00","LONGIL",61762,31.27,1.60,0.00
"11/10/2024 20:35:00","MHK VL",61756,30.38,0.71,0.00
"11/10/2024 20:35:00","MILLWD",61759,31.15,1.48,0.00
"11/10/2024 20:35:00","N.Y.C.",61761,31.30,1.63,0.00
"11/10/2024 20:35:00","NORTH",61755,30.00,0.33,0.00
"11/10/2024 20:35:00","NPX",61845,47.66,1.30,-16.69
"11/10/2024 20:35:00","O H",61846,27.09,-2.58,0.00
"11/10/2024 20:35:00","PJM",61847,29.34,-0.33,0.00
"11/10/2024 20:35:00","WEST",61752,27.53,-2.14,0.00
"11/10/2024 20:40:00","CAPITL",61757,26.00,1.19,0.00
"11/10/2024 20:40:00","CENTRL",61754,24.34,-0.47,0.00
"11/10/2024 20:40:00","DUNWOD",61760,26.12,1.31,0.00
"11/10/2024 20:40:00","GENESE",61753,23.59,-1.22,0.00
"11/10/2024 20:40:00","H Q",61844,24.78,-0.02,0.00
"11/10/2024 20:40:00","HUD VL",61758,26.02,1.22,0.00
"11/10/2024 20:40:00","LONGIL",61762,26.15,1.34,0.00
"11/10/2024 20:40:00","MHK VL",61756,25.38,0.57,0.00
"11/10/2024 20:40:00","MILLWD",61759,26.07,1.26,0.00
"11/10/2024 20:40:00","N.Y.C.",61761,26.20,1.39,0.00
"11/10/2024 20:40:00","NORTH",61755,25.11,0.30,0.00
"11/10/2024 20:40:00","NPX",61845,42.58,1.09,-16.69
"11/10/2024 20:40:00","O H",61846,22.65,-2.16,0.00
"11/10/2024 20:40:00","PJM",61847,24.51,-0.30,0.00
"11/10/2024 20:40:00","WEST",61752,23.00,-1.81,0.00
"11/10/2024 20:45:00","CAPITL",61757,40.47,1.85,0.00
"11/10/2024 20:45:00","CENTRL",61754,37.85,-0.77,0.00
"11/10/2024 20:45:00","DUNWOD",61760,40.78,2.16,0.00
"11/10/2024 20:45:00","GENESE",61753,36.49,-2.12,0.00
"11/10/2024 20:45:00","H Q",61844,38.62,0.00,0.00
"11/10/2024 20:45:00","HUD VL",61758,40.55,1.93,0.00
"11/10/2024 20:45:00","LONGIL",61762,40.78,2.16,0.00
"11/10/2024 20:45:00","MHK VL",61756,39.51,0.89,0.00
"11/10/2024 20:45:00","MILLWD",61759,40.66,2.05,0.00
"11/10/2024 20:45:00","N.Y.C.",61761,41.01,2.40,0.00
"11/10/2024 20:45:00","NORTH",61755,39.12,0.50,0.00
"11/10/2024 20:45:00","NPX",61845,57.04,1.74,-16.69
"11/10/2024 20:45:00","O H",61846,34.91,-3.71,0.00
"11/10/2024 20:45:00","PJM",61847,38.12,-0.50,0.00
"11/10/2024 20:45:00","WEST",61752,35.49,-3.13,0.00
"11/10/2024 20:50:00","CAPITL",61757,39.55,1.81,0.00
"11/10/2024 20:50:00","CENTRL",61754,36.94,-0.79,0.00
"11/10/2024 20:50:00","DUNWOD",61760,39.85,2.11,0.00
"11/10/2024 20:50:00","GENESE",61753,35.66,-2.08,0.00
"11/10/2024 20:50:00","H Q",61844,37.70,-0.04,0.00
"11/10/2024 20:50:00","HUD VL",61758,39.62,1.89,0.00
"11/10/2024 20:50:00","LONGIL",61762,39.85,2.11,0.00
"11/10/2024 20:50:00","MHK VL",61756,38.57,0.83,0.00
"11/10/2024 20:50:00","MILLWD",61759,39.74,2.00,0.00
"11/10/2024 20:50:00","N.Y.C.",61761,40.04,2.30,0.00
"11/10/2024 20:50:00","NORTH",61755,38.19,0.45,0.00
"11/10/2024 20:50:00","NPX",61845,53.06,1.70,-13.63
"11/10/2024 20:50:00","O H",61846,34.15,-3.59,0.00
"11/10/2024 20:50:00","PJM",61847,37.29,-0.45,0.00
"11/10/2024 20:50:00","WEST",61752,34.72,-3.02,0.00
"11/10/2024 20:55:00","CAPITL",61757,39.59,1.81,0.00
"11/10/2024 20:55:00","CENTRL",61754,36.98,-0.80,0.00
"11/10/2024 20:55:00","DUNWOD",61760,39.93,2.15,0.00
"11/10/2024 20:55:00","GENESE",61753,35.70,-2.08,0.00
"11/10/2024 20:55:00","H Q",61844,37.74,-0.04,0.00
"11/10/2024 20:55:00","HUD VL",61758,39.70,1.93,0.00
"11/10/2024 20:55:00","LONGIL",61762,39.93,2.15,0.00
"11/10/2024 20:55:00","MHK VL",61756,38.61,0.83,0.00
"11/10/2024 20:55:00","MILLWD",61759,39.82,2.04,0.00
"11/10/2024 20:55:00","N.Y.C.",61761,40.08,2.30,0.00
"11/10/2024 20:55:00","NORTH",61755,38.23,0.45,0.00
"11/10/2024 20:55:00","NPX",61845,53.11,1.70,-13.63
"11/10/2024 20:55:00","O H",61846,34.19,-3.59,0.00
"11/10/2024 20:55:00","PJM",61847,37.33,-0.45,0.00
"11/10/2024 20:55:00","WEST",61752,34.72,-3.06,0.00
"11/10/2024 21:00:00","CAPITL",61757,32.77,1.50,0.00
"11/10/2024 21:00:00","CENTRL",61754,30.61,-0.66,0.00
"11/10/2024 21:00:00","DUNWOD",61760,33.05,1.78,0.00
"11/10/2024 21:00:00","GENESE",61753,29.58,-1.69,0.00
"11/10/2024 21:00:00","H Q",61844,31.27,0.00,0.00
"11/10/2024 21:00:00","HUD VL",61758,32.86,1.59,0.00
"11/10/2024 21:00:00","LONGIL",61762,33.05,1.78,0.00
"11/10/2024 21:00:00","MHK VL",61756,31.93,0.66,0.00
"11/10/2024 21:00:00","MILLWD",61759,32.96,1.69,0.00
"11/10/2024 21:00:00","N.Y.C.",61761,33.18,1.91,0.00
"11/10/2024 21:00:00","NORTH",61755,31.68,0.41,0.00
"11/10/2024 21:00:00","NPX",61845,46.27,1.37,-13.63
"11/10/2024 21:00:00","O H",61846,28.33,-2.94,0.00
"11/10/2024 21:00:00","PJM",61847,30.90,-0.37,0.00
"11/10/2024 21:00:00","WEST",61752,28.80,-2.47,0.00
"11/10/2024 21:05:00","CAPITL",61757,31.47,1.44,0.00
"11/10/2024 21:05:00","CENTRL",61754,29.43,-0.60,0.00
"11/10/2024 21:05:00","DUNWOD",61760,31.77,1.74,0.00
"11/10/2024 21:05:00","GENESE",61753,28.35,-1.68,0.00
"11/10/2024 21:05:00","H Q",61844,30.00,-0.03,0.00
"11/10/2024 21:05:00","HUD VL",61758,31.59,1.56,0.00
"11/10/2024 21:05:00","LONGIL",61762,31.83,1.80,0.00
"11/10/2024 21:05:00","MHK VL",61756,30.63,0.60,0.00
"11/10/2024 21:05:00","MILLWD",61759,31.68,1.65,0.00
"11/10/2024 21:05:00","N.Y.C.",61761,31.89,1.86,0.00
"11/10/2024 21:05:00","NORTH",61755,30.39,0.36,0.00
"11/10/2024 21:05:00","NPX",61845,57.54,1.35,-26.15
"11/10/2024 21:05:00","O H",61846,27.12,-2.91,0.00
"11/10/2024 21:05:00","PJM",61847,29.70,-0.33,0.00
"11/10/2024 21:05:00","WEST",61752,27.57,-2.46,0.00
"11/10/2024 21:10:00","CAPITL",61757,31.89,1.46,0.00
"11/10/2024 21:10:00","CENTRL",61754,29.76,-0.67,0.00
"11/10/2024 21:10:00","DUNWOD",61760,32.25,1.83,0.00
"11/10/2024 21:10:00","GENESE",61753,28.63,-1.80,0.00
"11/10/2024 21:10:00","H Q",61844,30.39,-0.03,0.00
"11/10/2024 21:10:00","HUD VL",61758,32.04,1.61,0.00
"11/10/2024 21:10:00","LONGIL",61762,32.34,1.92,0.00
"11/10/2024 21:10:00","MHK VL",61756,31.07,0.64,0.00
"11/10/2024 21:10:00","MILLWD",61759,32.16,1.73,0.00
"11/10/2024 21:10:00","N.Y.C.",61761,32.37,1.95,0.00
"11/10/2024 21:10:00","NORTH",61755,30.79,0.37,0.00
"11/10/2024 21:10:00","NPX",61845,57.95,1.37,-26.15
"11/10/2024 21:10:00","O H",61846,27.35,-3.07,0.00
"11/10/2024 21:10:00","PJM",61847,30.03,-0.40,0.00
"11/10/2024 21:10:00","WEST",61752,27.81,-2.62,0.00
"11/10/2024 21:15:00","CAPITL",61757,32.46,1.49,0.00
"11/10/2024 21:15:00","CENTRL",61754,30.32,-0.65,0.00
"11/10/2024 21:15:00","DUNWOD",61760,32.80,1.83,0.00
"11/10/2024 21:15:00","GENESE",61753,29.17,-1.80,0.00
"11/10/2024 21:15:00","H Q",61844,30.94,-0.03,0.00
"11/10/2024 21:15:00","HUD VL",61758,32.58,1.61,0.00
"11/10/2024 21:15:00","LONGIL",61762,32.86,1.89,0.00
"11/10/2024 21:15:00","MHK VL",61756,31.65,0.68,0.00
"11/10/2024 21:15:00","MILLWD",61759,32.70,1.73,0.00
"11/10/2024 21:15:00","N.Y.C.",61761,32.92,1.95,0.00
"11/10/2024 21:15:00","NORTH",61755,31.31,0.34,0.00
"11/10/2024 21:15:00","NPX",61845,58.52,1.39,-26.15
"11/10/2024 21:15:00","O H",61846,27.87,-3.10,0.00
"11/10/2024 21:15:00","PJM",61847,30.60,-0.37,0.00
"11/10/2024 21:15:00","WEST",61752,28.34,-2.63,0.00
"11/10/2024 21:20:00","CAPITL",61757,32.46,1.46,0.00
"11/10/2024 21:20:00","CENTRL",61754,30.38,-0.62,0.00
"11/10/2024 21:20:00","DUNWOD",61760,32.77,1.77,0.00
"11/10/2024 21:20:00","GENESE",61753,29.27,-1.74,0.00
"11/10/2024 21:20:00","H Q",61844,30.97,-0.03,0.00
"11/10/2024 21:20:00","HUD VL",61758,32.58,1.58,0.00
"11/10/2024 21:20:00","LONGIL",61762,32.86,1.86,0.00
"11/10/2024 21:20:00","MHK VL",61756,31.74,0.74,0.00
"11/10/2024 21:20:00","MILLWD",61759,32.67,1.67,0.00
"11/10/2024 21:20:00","N.Y.C.",61761,32.92,1.92,0.00
"11/10/2024 21:20:00","NORTH",61755,31.37,0.37,0.00
"11/10/2024 21:20:00","NPX",61845,58.72,1.36,-26.36
"11/10/2024 21:20:00","O H",61846,28.02,-2.98,0.00
"11/10/2024 21:20:00","PJM",61847,30.69,-0.31,0.00
"11/10/2024 21:20:00","WEST",61752,28.49,-2.51,0.00
"11/10/2024 21:25:00","CAPITL",61757,32.46,1.49,0.00
"11/10/2024 21:25:00","CENTRL",61754,30.32,-0.65,0.00
"11/10/2024 21:25:00","DUNWOD",61760,32.80,1.83,0.00
"11/10/2024 21:25:00","GENESE",61753,29.17,-1.80,0.00
"11/10/2024 21:25:00","H Q",61844,30.94,-0.03,0.00
"11/10/2024 21:25:00","HUD VL",61758,32.61,1.64,0.00
"11/10/2024 21:25:00","LONGIL",61762,32.86,1.89,0.00
"11/10/2024 21:25:00","MHK VL",61756,31.71,0.74,0.00
"11/10/2024 21:25:00","MILLWD",61759,32.70,1.73,0.00
"11/10/2024 21:25:00","N.Y.C.",61761,32.96,1.98,0.00
"11/10/2024 21:25:00","NORTH",61755,31.31,0.34,0.00
"11/10/2024 21:25:00","NPX",61845,58.73,1.39,-26.36
"11/10/2024 21:25:00","O H",61846,27.94,-3.03,0.00
"11/10/2024 21:25:00","PJM",61847,30.63,-0.34,0.00
"11/10/2024 21:25:00","WEST",61752,28.37,-2.60,0.00
"11/10/2024 21:30:00","CAPITL",61757,32.01,1.44,0.00
"11/10/2024 21:30:00","CENTRL",61754,29.93,-0.64,0.00
"11/10/2024 21:30:00","DUNWOD",61760,32.34,1.77,0.00
"11/10/2024 21:30:00","GENESE",61753,28.86,-1.71,0.00
"11/10/2024 21:30:00","H Q",61844,30.54,-0.03,0.00
"11/10/2024 21:30:00","HUD VL",61758,32.13,1.56,0.00
"11/10/2024 21:30:00","LONGIL",61762,32.40,1.83,0.00
"11/10/2024 21:30:00","MHK VL",61756,31.33,0.76,0.00
"11/10/2024 21:30:00","MILLWD",61759,32.25,1.68,0.00
"11/10/2024 21:30:00","N.Y.C.",61761,32.47,1.90,0.00
"11/10/2024 21:30:00","NORTH",61755,30.91,0.34,0.00
"11/10/2024 21:30:00","NPX",61845,58.27,1.34,-26.36
"11/10/2024 21:30:00","O H",61846,27.64,-2.93,0.00
"11/10/2024 21:30:00","PJM",61847,30.23,-0.34,0.00
"11/10/2024 21:30:00","WEST",61752,28.10,-2.48,0.00
"11/10/2024 21:35:00","CAPITL",61757,31.31,1.41,0.00
"11/10/2024 21:35:00","CENTRL",61754,29.27,-0.63,0.00
"11/10/2024 21:35:00","DUNWOD",61760,31.60,1.70,0.00
"11/10/2024 21:35:00","GENESE",61753,28.26,-1.64,0.00
"11/10/2024 21:35:00","H Q",61844,29.87,-0.03,0.00
"11/10/2024 21:35:00","HUD VL",61758,31.42,1.52,0.00
"11/10/2024 21:35:00","LONGIL",61762,31.66,1.76,0.00
"11/10/2024 21:35:00","MHK VL",61756,30.62,0.72,0.00
"11/10/2024 21:35:00","MILLWD",61759,31.51,1.61,0.00
"11/10/2024 21:35:00","N.Y.C.",61761,31.75,1.85,0.00
"11/10/2024 21:35:00","NORTH",61755,30.23,0.33,0.00
"11/10/2024 21:35:00","NPX",61845,32.93,1.31,-1.72
"11/10/2024 21:35:00","O H",61846,27.09,-2.81,0.00
"11/10/2024 21:35:00","PJM",61847,29.57,-0.33,0.00
"11/10/2024 21:35:00","WEST",61752,27.54,-2.36,0.00
"11/10/2024 21:40:00","CAPITL",61757,31.38,1.41,0.00
"11/10/2024 21:40:00","CENTRL",61754,29.37,-0.60,0.00
"11/10/2024 21:40:00","DUNWOD",61760,31.70,1.74,0.00
"11/10/2024 21:40:00","GENESE",61753,28.32,-1.65,0.00
"11/10/2024 21:40:00","H Q",61844,29.91,-0.06,0.00
"11/10/2024 21:40:00","HUD VL",61758,31.52,1.56,0.00
"11/10/2024 21:40:00","LONGIL",61762,31.77,1.80,0.00
"11/10/2024 21:40:00","MHK VL",61756,30.72,0.75,0.00
"11/10/2024 21:40:00","MILLWD",61759,31.61,1.65,0.00
"11/10/2024 21:40:00","N.Y.C.",61761,31.83,1.86,0.00
"11/10/2024 21:40:00","NORTH",61755,30.27,0.30,0.00
"11/10/2024 21:40:00","NPX",61845,33.04,1.35,-1.72
"11/10/2024 21:40:00","O H",61846,27.12,-2.85,0.00
"11/10/2024 21:40:00","PJM",61847,29.67,-0.30,0.00
"11/10/2024 21:40:00","WEST",61752,27.57,-2.40,0.00
"11/10/2024 21:45:00","CAPITL",61757,29.03,1.30,0.00
"11/10/2024 21:45:00","CENTRL",61754,27.17,-0.55,0.00
"11/10/2024 21:45:00","DUNWOD",61760,29.30,1.58,0.00
"11/10/2024 21:45:00","GENESE",61753,26.25,-1.47,0.00
"11/10/2024 21:45:00","H Q",61844,27.70,-0.03,0.00
"11/10/2024 21:45:00","HUD VL",61758,29.14,1.41,0.00
"11/10/2024 21:45:00","LONGIL",61762,29.36,1.64,0.00
"11/10/2024 21:45:00","MHK VL",61756,28.42,0.69,0.00
"11/10/2024 21:45:00","MILLWD",61759,29.22,1.50,0.00
"11/10/2024 21:45:00","N.Y.C.",61761,29.42,1.69,0.00
"11/10/2024 21:45:00","NORTH",61755,28.00,0.28,0.00
"11/10/2024 21:45:00","NPX",61845,30.69,1.25,-1.72
"11/10/2024 21:45:00","O H",61846,25.20,-2.52,0.00
"11/10/2024 21:45:00","PJM",61847,27.45,-0.28,0.00
"11/10/2024 21:45:00","WEST",61752,25.62,-2.11,0.00
"11/10/2024 21:50:00","CAPITL",61757,25.82,1.16,0.00
"11/10/2024 21:50:00","CENTRL",61754,24.14,-0.52,0.00
"11/10/2024 21:50:00","DUNWOD",61760,26.07,1.40,0.00
"11/10/2024 21:50:00","GENESE",61753,23.33,-1.33,0.00
"11/10/2024 21:50:00","H Q",61844,24.64,-0.02,0.00
"11/10/2024 21:50:00","HUD VL",61758,25.92,1.26,0.00
"11/10/2024 21:50:00","LONGIL",61762,26.19,1.53,0.00
"11/10/2024 21:50:00","MHK VL",61756,25.28,0.62,0.00
"11/10/2024 21:50:00","MILLWD",61759,25.99,1.33,0.00
"11/10/2024 21:50:00","N.Y.C.",61761,26.17,1.50,0.00
"11/10/2024 21:50:00","NORTH",61755,24.93,0.27,0.00
"11/10/2024 21:50:00","NPX",61845,26.76,1.11,-0.99
"11/10/2024 21:50:00","O H",61846,22.37,-2.29,0.00
"11/10/2024 21:50:00","PJM",61847,24.39,-0.27,0.00
"11/10/2024 21:50:00","WEST",61752,22.71,-1.95,0.00
"11/10/2024 21:55:00","CAPITL",61757,25.51,1.15,0.00
"11/10/2024 21:55:00","CENTRL",61754,23.83,-0.54,0.00
"11/10/2024 21:55:00","DUNWOD",61760,25.78,1.41,0.00
"11/10/2024 21:55:00","GENESE",61753,23.02,-1.34,0.00
"11/10/2024 21:55:00","H Q",61844,24.34,-0.02,0.00
"11/10/2024 21:55:00","HUD VL",61758,25.63,1.27,0.00
"11/10/2024 21:55:00","LONGIL",61762,25.90,1.54,0.00
"11/10/2024 21:55:00","MHK VL",61756,24.95,0.58,0.00
"11/10/2024 21:55:00","MILLWD",61759,25.70,1.34,0.00
"11/10/2024 21:55:00","N.Y.C.",61761,25.87,1.51,0.00
"11/10/2024 21:55:00","NORTH",61755,24.63,0.27,0.00
"11/10/2024 21:55:00","NPX",61845,26.45,1.10,-0.99
"11/10/2024 21:55:00","O H",61846,22.10,-2.27,0.00
"11/10/2024 21:55:00","PJM",61847,24.07,-0.29,0.00
"11/10/2024 21:55:00","WEST",61752,22.44,-1.93,0.00
"11/10/2024 22:00:00","CAPITL",61757,33.40,1.50,0.00
"11/10/2024 22:00:00","CENTRL",61754,31.23,-0.67,0.00
"11/10/2024 22:00:00","DUNWOD",61760,33.66,1.75,0.00
"11/10/2024 22:00:00","GENESE",61753,30.24,-1.66,0.00
"11/10/2024 22:00:00","H Q",61844,31.90,0.00,0.00
"11/10/2024 22:00:00","HUD VL",61758,33.47,1.56,0.00
"11/10/2024 22:00:00","LONGIL",61762,33.82,1.91,0.00
"11/10/2024 22:00:00","MHK VL",61756,32.67,0.76,0.00
"11/10/2024 22:00:00","MILLWD",61759,33.56,1.66,0.00
"11/10/2024 22:00:00","N.Y.C.",61761,33.78,1.88,0.00
"11/10/2024 22:00:00","NORTH",61755,32.32,0.41,0.00
"11/10/2024 22:00:00","NPX",61845,34.29,1.40,-0.99
"11/10/2024 22:00:00","O H",61846,29.10,-2.81,0.00
"11/10/2024 22:00:00","PJM",61847,31.55,-0.35,0.00
"11/10/2024 22:00:00","WEST",61752,29.54,-2.36,0.00
"11/10/2024 22:05:00","CAPITL",61757,28.80,1.29,0.00
"11/10/2024 22:05:00","CENTRL",61754,26.87,-0.63,0.00
"11/10/2024 22:05:00","DUNWOD",61760,29.07,1.57,0.00
"11/10/2024 22:05:00","GENESE",61753,26.07,-1.43,0.00
"11/10/2024 22:05:00","H Q",61844,27.48,-0.03,0.00
"11/10/2024 22:05:00","HUD VL",61758,28.90,1.40,0.00
"11/10/2024 22:05:00","LONGIL",61762,29.26,1.76,0.00
"11/10/2024 22:05:00","MHK VL",61756,28.19,0.69,0.00
"11/10/2024 22:05:00","MILLWD",61759,28.99,1.48,0.00
"11/10/2024 22:05:00","N.Y.C.",61761,29.18,1.68,0.00
"11/10/2024 22:05:00","NORTH",61755,27.83,0.33,0.00
"11/10/2024 22:05:00","NPX",61845,31.12,1.21,-2.41
"11/10/2024 22:05:00","O H",61846,25.08,-2.42,0.00
"11/10/2024 22:05:00","PJM",61847,27.17,-0.33,0.00
"11/10/2024 22:05:00","WEST",61752,25.47,-2.03,0.00
"11/10/2024 22:10:00","CAPITL",61757,28.92,1.30,0.00
"11/10/2024 22:10:00","CENTRL",61754,26.96,-0.66,0.00
"11/10/2024 22:10:00","DUNWOD",61760,29.23,1.60,0.00
"11/10/2024 22:10:00","GENESE",61753,26.11,-1.52,0.00
"11/10/2024 22:10:00","H Q",61844,27.60,-0.03,0.00
"11/10/2024 22:10:00","HUD VL",61758,29.06,1.44,0.00
"11/10/2024 22:10:00","LONGIL",61762,29.48,1.85,0.00
"11/10/2024 22:10:00","MHK VL",61756,28.32,0.69,0.00
"11/10/2024 22:10:00","MILLWD",61759,29.14,1.52,0.00
"11/10/2024 22:10:00","N.Y.C.",61761,29.34,1.71,0.00
"11/10/2024 22:10:00","NORTH",61755,27.93,0.30,0.00
"11/10/2024 22:10:00","NPX",61845,31.28,1.24,-2.41
"11/10/2024 22:10:00","O H",61846,25.08,-2.54,0.00
"11/10/2024 22:10:00","PJM",61847,27.29,-0.33,0.00
"11/10/2024 22:10:00","WEST",61752,25.47,-2.15,0.00
"11/10/2024 22:15:00","CAPITL",61757,29.02,1.30,0.00
"11/10/2024 22:15:00","CENTRL",61754,27.11,-0.61,0.00
"11/10/2024 22:15:00","DUNWOD",61760,29.29,1.58,0.00
"11/10/2024 22:15:00","GENESE",61753,26.16,-1.55,0.00
"11/10/2024 22:15:00","H Q",61844,27.69,-0.03,0.00
"11/10/2024 22:15:00","HUD VL",61758,29.10,1.39,0.00
"11/10/2024 22:15:00","LONGIL",61762,29.54,1.83,0.00
"11/10/2024 22:15:00","MHK VL",61756,28.43,0.72,0.00
"11/10/2024 22:15:00","MILLWD",61759,29.18,1.47,0.00
"11/10/2024 22:15:00","N.Y.C.",61761,29.38,1.66,0.00
"11/10/2024 22:15:00","NORTH",61755,28.05,0.33,0.00
"11/10/2024 22:15:00","NPX",61845,31.34,1.22,-2.41
"11/10/2024 22:15:00","O H",61846,25.11,-2.61,0.00
"11/10/2024 22:15:00","PJM",61847,27.41,-0.30,0.00
"11/10/2024 22:15:00","WEST",61752,25.50,-2.22,0.00
"11/10/2024 22:20:00","CAPITL",61757,28.99,1.30,0.00
"11/10/2024 22:20:00","CENTRL",61754,27.08,-0.61,0.00
"11/10/2024 22:20:00","DUNWOD",61760,29.26,1.58,0.00
"11/10/2024 22:20:00","GENESE",61753,26.14,-1.55,0.00
"11/10/2024 22:20:00","H Q",61844,27.66,-0.03,0.00
"11/10/2024 22:20:00","HUD VL",61758,29.07,1.38,0.00
"11/10/2024 22:20:00","LONGIL",61762,29.54,1.86,0.00
"11/10/2024 22:20:00","MHK VL",61756,28.40,0.72,0.00
"11/10/2024 22:20:00","MILLWD",61759,29.18,1.49,0.00
"11/10/2024 22:20:00","N.Y.C.",61761,29.37,1.69,0.00
"11/10/2024 22:20:00","NORTH",61755,28.02,0.33,0.00
"11/10/2024 22:20:00","NPX",61845,37.90,1.22,-8.99
"11/10/2024 22:20:00","O H",61846,25.08,-2.60,0.00
"11/10/2024 22:20:00","PJM",61847,27.35,-0.33,0.00
"11/10/2024 22:20:00","WEST",61752,25.47,-2.22,0.00
"11/10/2024 22:25:00","CAPITL",61757,28.89,1.30,0.00
"11/10/2024 22:25:00","CENTRL",61754,27.01,-0.58,0.00
"11/10/2024 22:25:00","DUNWOD",61760,29.17,1.57,0.00
"11/10/2024 22:25:00","GENESE",61753,26.10,-1.49,0.00
"11/10/2024 22:25:00","H Q",61844,27.57,-0.03,0.00
"11/10/2024 22:25:00","HUD VL",61758,28.97,1.38,0.00
"11/10/2024 22:25:00","LONGIL",61762,29.42,1.82,0.00
"11/10/2024 22:25:00","MHK VL",61756,28.29,0.69,0.00
"11/10/2024 22:25:00","MILLWD",61759,29.08,1.49,0.00
"11/10/2024 22:25:00","N.Y.C.",61761,29.28,1.68,0.00
"11/10/2024 22:25:00","NORTH",61755,27.90,0.30,0.00
"11/10/2024 22:25:00","NPX",61845,37.80,1.21,-8.99
"11/10/2024 22:25:00","O H",61846,25.08,-2.51,0.00
"11/10/2024 22:25:00","PJM",61847,27.35,-0.25,0.00
"11/10/2024 22:25:00","WEST",61752,25.47,-2.12,0.00
"11/10/2024 22:30:00","CAPITL",61757,24.97,1.12,0.00
"11/10/2024 22:30:00","CENTRL",61754,23.37,-0.48,0.00
"11/10/2024 22:30:00","DUNWOD",61760,25.18,1.33,0.00
"11/10/2024 22:30:00","GENESE",61753,22.56,-1.29,0.00
"11/10/2024 22:30:00","H Q",61844,23.82,-0.02,0.00
"11/10/2024 22:30:00","HUD VL",61758,25.04,1.19,0.00
"11/10/2024 22:30:00","LONGIL",61762,25.39,1.55,0.00
"11/10/2024 22:30:00","MHK VL",61756,24.44,0.60,0.00
"11/10/2024 22:30:00","MILLWD",61759,25.11,1.26,0.00
"11/10/2024 22:30:00","N.Y.C.",61761,25.28,1.43,0.00
"11/10/2024 22:30:00","NORTH",61755,24.11,0.26,0.00
"11/10/2024 22:30:00","NPX",61845,33.89,1.05,-8.99
"11/10/2024 22:30:00","O H",61846,21.72,-2.12,0.00
"11/10/2024 22:30:00","PJM",61847,23.63,-0.22,0.00
"11/10/2024 22:30:00","WEST",61752,22.06,-1.79,0.00
"11/10/2024 22:35:00","CAPITL",61757,24.01,1.06,0.00
"11/10/2024 22:35:00","CENTRL",61754,22.49,-0.46,0.00
"11/10/2024 22:35:00","DUNWOD",61760,24.17,1.22,0.00
"11/10/2024 22:35:00","GENESE",61753,21.80,-1.15,0.00
"11/10/2024 22:35:00","H Q",61844,22.95,0.00,0.00
"11/10/2024 22:35:00","HUD VL",61758,24.05,1.10,0.00
"11/10/2024 22:35:00","LONGIL",61762,24.37,1.42,0.00
"11/10/2024 22:35:00","MHK VL",61756,23.50,0.55,0.00
"11/10/2024 22:35:00","MILLWD",61759,24.10,1.15,0.00
"11/10/2024 22:35:00","N.Y.C.",61761,24.26,1.31,0.00
"11/10/2024 22:35:00","NORTH",61755,23.25,0.30,0.00
"11/10/2024 22:35:00","NPX",61845,29.88,0.99,-5.95
"11/10/2024 22:35:00","O H",61846,21.05,-1.90,0.00
"11/10/2024 22:35:00","PJM",61847,22.72,-0.23,0.00
"11/10/2024 22:35:00","WEST",61752,21.37,-1.58,0.00
"11/10/2024 22:40:00","CAPITL",61757,23.72,1.04,0.00
"11/10/2024 22:40:00","CENTRL",61754,22.20,-0.48,0.00
"11/10/2024 22:40:00","DUNWOD",61760,23.88,1.20,0.00
"11/10/2024 22:40:00","GENESE",61753,21.68,-1.00,0.00
"11/10/2024 22:40:00","H Q",61844,22.68,0.00,0.00
"11/10/2024 22:40:00","HUD VL",61758,23.74,1.07,0.00
"11/10/2024 22:40:00","LONGIL",61762,24.06,1.38,0.00
"11/10/2024 22:40:00","MHK VL",61756,23.15,0.48,0.00
"11/10/2024 22:40:00","MILLWD",61759,23.81,1.13,0.00
"11/10/2024 22:40:00","N.Y.C.",61761,23.97,1.29,0.00
"11/10/2024 22:40:00","NORTH",61755,22.95,0.27,0.00
"11/10/2024 22:40:00","NPX",61845,29.60,0.97,-5.95
"11/10/2024 22:40:00","O H",61846,21.04,-1.63,0.00
"11/10/2024 22:40:00","PJM",61847,22.45,-0.23,0.00
"11/10/2024 22:40:00","WEST",61752,21.34,-1.34,0.00
"11/10/2024 22:45:00","CAPITL",61757,22.02,0.97,0.00
"11/10/2024 22:45:00","CENTRL",61754,20.63,-0.42,0.00
"11/10/2024 22:45:00","DUNWOD",61760,22.17,1.11,0.00
"11/10/2024 22:45:00","GENESE",61753,20.12,-0.93,0.00
"11/10/2024 22:45:00","H Q",61844,21.05,0.00,0.00
"11/10/2024 22:45:00","HUD VL",61758,22.04,0.99,0.00
"11/10/2024 22:45:00","LONGIL",61762,22.36,1.31,0.00
"11/10/2024 22:45:00","MHK VL",61756,21.47,0.42,0.00
"11/10/2024 22:45:00","MILLWD",61759,22.10,1.05,0.00
"11/10/2024 22:45:00","N.Y.C.",61761,22.25,1.20,0.00
"11/10/2024 22:45:00","NORTH",61755,21.30,0.25,0.00
"11/10/2024 22:45:00","NPX",61845,27.88,0.88,-5.95
"11/10/2024 22:45:00","O H",61846,19.51,-1.54,0.00
"11/10/2024 22:45:00","PJM",61847,20.86,-0.19,0.00
"11/10/2024 22:45:00","WEST",61752,19.79,-1.26,0.00
"11/10/2024 22:50:00","CAPITL",61757,21.94,0.97,0.00
"11/10/2024 22:50:00","CENTRL",61754,20.53,-0.44,0.00
"11/10/2024 22:50:00","DUNWOD",61760,22.10,1.13,0.00
"11/10/2024 22:50:00","GENESE",61753,20.01,-0.96,0.00
"11/10/2024 22:50:00","H Q",61844,20.97,0.00,0.00
"11/10/2024 22:50:00","HUD VL",61758,21.98,1.01,0.00
"11/10/2024 22:50:00","LONGIL",61762,22.33,1.36,0.00
"11/10/2024 22:50:00","MHK VL",61756,21.37,0.40,0.00
"11/10/2024 22:50:00","MILLWD",61759,22.04,1.07,0.00
"11/10/2024 22:50:00","N.Y.C.",61761,22.17,1.19,0.00
"11/10/2024 22:50:00","NORTH",61755,21.22,0.25,0.00
"11/10/2024 22:50:00","NPX",61845,24.12,0.90,-2.25
"11/10/2024 22:50:00","O H",61846,19.40,-1.57,0.00
"11/10/2024 22:50:00","PJM",61847,20.76,-0.21,0.00
"11/10/2024 22:50:00","WEST",61752,19.65,-1.32,0.00
"11/10/2024 22:55:00","CAPITL",61757,21.66,0.95,0.00
"11/10/2024 22:55:00","CENTRL",61754,20.25,-0.46,0.00
"11/10/2024 22:55:00","DUNWOD",61760,21.84,1.14,0.00
"11/10/2024 22:55:00","GENESE",61753,19.71,-0.99,0.00
"11/10/2024 22:55:00","H Q",61844,20.70,0.00,0.00
"11/10/2024 22:55:00","HUD VL",61758,21.72,1.01,0.00
"11/10/2024 22:55:00","LONGIL",61762,22.11,1.41,0.00
"11/10/2024 22:55:00","MHK VL",61756,21.08,0.37,0.00
"11/10/2024 22:55:00","MILLWD",61759,21.78,1.08,0.00
"11/10/2024 22:55:00","N.Y.C.",61761,21.92,1.22,0.00
"11/10/2024 22:55:00","NORTH",61755,20.93,0.23,0.00
"11/10/2024 22:55:00","NPX",61845,23.84,0.89,-2.25
"11/10/2024 22:55:00","O H",61846,19.09,-1.61,0.00
"11/10/2024 22:55:00","PJM",61847,20.50,-0.21,0.00
"11/10/2024 22:55:00","WEST",61752,19.34,-1.37,0.00
"11/10/2024 23:00:00","CAPITL",61757,21.98,0.97,0.00
"11/10/2024 23:00:00","CENTRL",61754,20.51,-0.50,0.00
"11/10/2024 23:00:00","DUNWOD",61760,22.19,1.18,0.00
"11/10/2024 23:00:00","GENESE",61753,19.88,-1.14,0.00
"11/10/2024 23:00:00","H Q",61844,21.03,0.02,0.00
"11/10/2024 23:00:00","HUD VL",61758,22.04,1.03,0.00
"11/10/2024 23:00:00","LONGIL",61762,22.46,1.45,0.00
"11/10/2024 23:00:00","MHK VL",61756,21.39,0.38,0.00
"11/10/2024 23:00:00","MILLWD",61759,22.11,1.09,0.00
"11/10/2024 23:00:00","N.Y.C.",61761,22.27,1.26,0.00
"11/10/2024 23:00:00","NORTH",61755,21.27,0.25,0.00
"11/10/2024 23:00:00","NPX",61845,24.18,0.92,-2.25
"11/10/2024 23:00:00","O H",61846,19.16,-1.85,0.00
"11/10/2024 23:00:00","PJM",61847,20.72,-0.29,0.00
"11/10/2024 23:00:00","WEST",61752,19.42,-1.60,0.00
"11/10/2024 23:05:00","CAPITL",61757,21.83,0.94,0.00
"11/10/2024 23:05:00","CENTRL",61754,20.43,-0.46,0.00
"11/10/2024 23:05:00","DUNWOD",61760,22.04,1.15,0.00
"11/10/2024 23:05:00","GENESE",61753,19.78,-1.11,0.00
"11/10/2024 23:05:00","H Q",61844,20.91,0.02,0.00
"11/10/2024 23:05:00","HUD VL",61758,21.90,1.00,0.00
"11/10/2024 23:05:00","LONGIL",61762,22.31,1.42,0.00
"11/10/2024 23:05:00","MHK VL",61756,21.27,0.38,0.00
"11/10/2024 23:05:00","MILLWD",61759,21.96,1.06,0.00
"11/10/2024 23:05:00","N.Y.C.",61761,22.10,1.21,0.00
"11/10/2024 23:05:00","NORTH",61755,21.16,0.27,0.00
"11/10/2024 23:05:00","NPX",61845,22.81,0.92,-1.00
"11/10/2024 23:05:00","O H",61846,19.12,-1.78,0.00
"11/10/2024 23:05:00","PJM",61847,20.62,-0.27,0.00
"11/10/2024 23:05:00","WEST",61752,19.37,-1.52,0.00
"11/10/2024 23:10:00","CAPITL",61757,21.70,0.94,0.00
"11/10/2024 23:10:00","CENTRL",61754,20.33,-0.44,0.00
"11/10/2024 23:10:00","DUNWOD",61760,21.91,1.14,0.00
"11/10/2024 23:10:00","GENESE",61753,19.71,-1.06,0.00
"11/10/2024 23:10:00","H Q",61844,20.77,0.00,0.00
"11/10/2024 23:10:00","HUD VL",61758,21.76,1.00,0.00
"11/10/2024 23:10:00","LONGIL",61762,22.22,1.45,0.00
"11/10/2024 23:10:00","MHK VL",61756,21.14,0.37,0.00
"11/10/2024 23:10:00","MILLWD",61759,21.82,1.06,0.00
"11/10/2024 23:10:00","N.Y.C.",61761,21.99,1.22,0.00
"11/10/2024 23:10:00","NORTH",61755,21.02,0.25,0.00
"11/10/2024 23:10:00","NPX",61845,22.66,0.89,-1.00
"11/10/2024 23:10:00","O H",61846,19.06,-1.70,0.00
"11/10/2024 23:10:00","PJM",61847,20.56,-0.21,0.00
"11/10/2024 23:10:00","WEST",61752,19.33,-1.43,0.00
"11/10/2024 23:15:00","CAPITL",61757,21.68,0.93,0.00
"11/10/2024 23:15:00","CENTRL",61754,20.31,-0.44,0.00
"11/10/2024 23:15:00","DUNWOD",61760,21.86,1.12,0.00
"11/10/2024 23:15:00","GENESE",61753,19.75,-1.00,0.00
"11/10/2024 23:15:00","H Q",61844,20.76,0.02,0.00
"11/10/2024 23:15:00","HUD VL",61758,21.72,0.98,0.00
"11/10/2024 23:15:00","LONGIL",61762,22.19,1.45,0.00
"11/10/2024 23:15:00","MHK VL",61756,21.14,0.39,0.00
"11/10/2024 23:15:00","MILLWD",61759,21.78,1.04,0.00
"11/10/2024 23:15:00","N.Y.C.",61761,21.92,1.18,0.00
"11/10/2024 23:15:00","NORTH",61755,21.01,0.27,0.00
"11/10/2024 23:15:00","NPX",61845,22.64,0.89,-1.00
"11/10/2024 23:15:00","O H",61846,19.15,-1.60,0.00
"11/10/2024 23:15:00","PJM",61847,20.56,-0.19,0.00
"11/10/2024 23:15:00","WEST",61752,19.44,-1.31,0.00
"11/10/2024 23:20:00","CAPITL",61757,21.51,0.93,0.00
"11/10/2024 23:20:00","CENTRL",61754,20.17,-0.41,0.00
"11/10/2024 23:20:00","DUNWOD",61760,21.70,1.11,0.00
"11/10/2024 23:20:00","GENESE",61753,19.62,-0.97,0.00
"11/10/2024 23:20:00","H Q",61844,20.58,0.00,0.00
"11/10/2024 23:20:00","HUD VL",61758,21.55,0.97,0.00
"11/10/2024 23:20:00","LONGIL",61762,22.00,1.42,0.00
"11/10/2024 23:20:00","MHK VL",61756,21.00,0.41,0.00
"11/10/2024 23:20:00","MILLWD",61759,21.61,1.03,0.00
"11/10/2024 23:20:00","N.Y.C.",61761,21.76,1.17,0.00
"11/10/2024 23:20:00","NORTH",61755,20.85,0.27,0.00
"11/10/2024 23:20:00","NPX",61845,22.62,0.88,-1.16
"11/10/2024 23:20:00","O H",61846,19.04,-1.54,0.00
"11/10/2024 23:20:00","PJM",61847,20.42,-0.17,0.00
"11/10/2024 23:20:00","WEST",61752,19.33,-1.26,0.00
"11/10/2024 23:25:00","CAPITL",61757,21.54,0.93,0.00
"11/10/2024 23:25:00","CENTRL",61754,20.15,-0.45,0.00
"11/10/2024 23:25:00","DUNWOD",61760,21.72,1.11,0.00
"11/10/2024 23:25:00","GENESE",61753,19.62,-0.99,0.00
"11/10/2024 23:25:00","H Q",61844,20.63,0.02,0.00
"11/10/2024 23:25:00","HUD VL",61758,21.58,0.97,0.00
"11/10/2024 23:25:00","LONGIL",61762,22.03,1.42,0.00
"11/10/2024 23:25:00","MHK VL",61756,20.98,0.37,0.00
"11/10/2024 23:25:00","MILLWD",61759,21.66,1.05,0.00
"11/10/2024 23:25:00","N.Y.C.",61761,21.80,1.19,0.00
"11/10/2024 23:25:00","NORTH",61755,20.90,0.29,0.00
"11/10/2024 23:25:00","NPX",61845,22.65,0.89,-1.16
"11/10/2024 23:25:00","O H",61846,19.04,-1.57,0.00
"11/10/2024 23:25:00","PJM",61847,20.42,-0.19,0.00
"11/10/2024 23:25:00","WEST",61752,19.33,-1.28,0.00
"11/10/2024 23:30:00","CAPITL",61757,21.42,0.90,0.00
"11/10/2024 23:30:00","CENTRL",61754,20.11,-0.41,0.00
"11/10/2024 23:30:00","DUNWOD",61760,21.60,1.09,0.00
"11/10/2024 23:30:00","GENESE",61753,19.60,-0.92,0.00
"11/10/2024 23:30:00","H Q",61844,20.54,0.02,0.00
"11/10/2024 23:30:00","HUD VL",61758,21.46,0.94,0.00
"11/10/2024 23:30:00","LONGIL",61762,21.91,1.40,0.00
"11/10/2024 23:30:00","MHK VL",61756,20.93,0.41,0.00
"11/10/2024 23:30:00","MILLWD",61759,21.52,1.01,0.00
"11/10/2024 23:30:00","N.Y.C.",61761,21.67,1.15,0.00
"11/10/2024 23:30:00","NORTH",61755,20.78,0.27,0.00
"11/10/2024 23:30:00","NPX",61845,22.54,0.86,-1.16
"11/10/2024 23:30:00","O H",61846,19.04,-1.48,0.00
"11/10/2024 23:30:00","PJM",61847,20.35,-0.16,0.00
"11/10/2024 23:30:00","WEST",61752,19.33,-1.19,0.00
"11/10/2024 23:35:00","CAPITL",61757,21.40,0.90,0.00
"11/10/2024 23:35:00","CENTRL",61754,20.09,-0.41,0.00
"11/10/2024 23:35:00","DUNWOD",61760,21.58,1.09,0.00
"11/10/2024 23:35:00","GENESE",61753,19.57,-0.92,0.00
"11/10/2024 23:35:00","H Q",61844,20.52,0.02,0.00
"11/10/2024 23:35:00","HUD VL",61758,21.46,0.96,0.00
"11/10/2024 23:35:00","LONGIL",61762,21.87,1.37,0.00
"11/10/2024 23:35:00","MHK VL",61756,20.91,0.41,0.00
"11/10/2024 23:35:00","MILLWD",61759,21.52,1.02,0.00
"11/10/2024 23:35:00","N.Y.C.",61761,21.66,1.17,0.00
"11/10/2024 23:35:00","NORTH",61755,20.76,0.27,0.00
"11/10/2024 23:35:00","NPX",61845,23.00,0.86,-1.64
"11/10/2024 23:35:00","O H",61846,19.04,-1.45,0.00
"11/10/2024 23:35:00","PJM",61847,20.35,-0.14,0.00
"11/10/2024 23:35:00","WEST",61752,19.33,-1.17,0.00
"11/10/2024 23:40:00","CAPITL",61757,21.40,0.92,0.00
"11/10/2024 23:40:00","CENTRL",61754,20.07,-0.41,0.00
"11/10/2024 23:40:00","DUNWOD",61760,21.56,1.08,0.00
"11/10/2024 23:40:00","GENESE",61753,19.57,-0.90,0.00
"11/10/2024 23:40:00","H Q",61844,20.47,0.00,0.00
"11/10/2024 23:40:00","HUD VL",61758,21.44,0.96,0.00
"11/10/2024 23:40:00","LONGIL",61762,21.85,1.37,0.00
"11/10/2024 23:40:00","MHK VL",61756,20.88,0.41,0.00
"11/10/2024 23:40:00","MILLWD",61759,21.50,1.02,0.00
"11/10/2024 23:40:00","N.Y.C.",61761,21.64,1.17,0.00
"11/10/2024 23:40:00","NORTH",61755,20.70,0.23,0.00
"11/10/2024 23:40:00","NPX",61845,23.00,0.88,-1.64
"11/10/2024 23:40:00","O H",61846,19.02,-1.45,0.00
"11/10/2024 23:40:00","PJM",61847,20.33,-0.14,0.00
"11/10/2024 23:40:00","WEST",61752,19.31,-1.17,0.00
"11/10/2024 23:45:00","CAPITL",61757,21.19,0.91,0.00
"11/10/2024 23:45:00","CENTRL",61754,19.89,-0.39,0.00
"11/10/2024 23:45:00","DUNWOD",61760,21.35,1.07,0.00
"11/10/2024 23:45:00","GENESE",61753,19.41,-0.87,0.00
"11/10/2024 23:45:00","H Q",61844,20.28,0.00,0.00
"11/10/2024 23:45:00","HUD VL",61758,21.23,0.95,0.00
"11/10/2024 23:45:00","LONGIL",61762,21.68,1.40,0.00
"11/10/2024 23:45:00","MHK VL",61756,20.69,0.41,0.00
"11/10/2024 23:45:00","MILLWD",61759,21.29,1.01,0.00
"11/10/2024 23:45:00","N.Y.C.",61761,21.41,1.13,0.00
"11/10/2024 23:45:00","NORTH",61755,20.48,0.20,0.00
"11/10/2024 23:45:00","NPX",61845,22.79,0.87,-1.64
"11/10/2024 23:45:00","O H",61846,18.90,-1.38,0.00
"11/10/2024 23:45:00","PJM",61847,20.16,-0.12,0.00
"11/10/2024 23:45:00","WEST",61752,19.18,-1.10,0.00
"11/10/2024 23:47:33","CAPITL",61757,21.02,0.89,0.00
"11/10/2024 23:47:33","CENTRL",61754,19.73,-0.40,0.00
"11/10/2024 23:47:33","DUNWOD",61760,21.20,1.07,0.00
"11/10/2024 23:47:33","GENESE",61753,19.23,-0.91,0.00
"11/10/2024 23:47:33","H Q",61844,20.14,0.00,0.00
"11/10/2024 23:47:33","HUD VL",61758,21.08,0.95,0.00
"11/10/2024 23:47:33","LONGIL",61762,21.52,1.39,0.00
"11/10/2024 23:47:33","MHK VL",61756,20.54,0.40,0.00
"11/10/2024 23:47:33","MILLWD",61759,21.12,0.99,0.00
"11/10/2024 23:47:33","N.Y.C.",61761,21.26,1.13,0.00
"11/10/2024 23:47:33","NORTH",61755,20.34,0.20,0.00
"11/10/2024 23:47:33","NPX",61845,21.99,0.85,-1.00
"11/10/2024 23:47:33","O H",61846,18.71,-1.43,0.00
"11/10/2024 23:47:33","PJM",61847,20.00,-0.14,0.00
"11/10/2024 23:47:33","WEST",61752,18.99,-1.15,0.00
"11/10/2024 23:50:03","CAPITL",61757,20.89,0.88,0.00
"11/10/2024 23:50:03","CENTRL",61754,19.59,-0.42,0.00
"11/10/2024 23:50:03","DUNWOD",61760,21.07,1.06,0.00
"11/10/2024 23:50:03","GENESE",61753,19.05,-0.96,0.00
"11/10/2024 23:50:03","H Q",61844,20.01,0.00,0.00
"11/10/2024 23:50:03","HUD VL",61758,20.95,0.94,0.00
"11/10/2024 23:50:03","LONGIL",61762,21.41,1.40,0.00
"11/10/2024 23:50:03","MHK VL",61756,20.39,0.38,0.00
"11/10/2024 23:50:03","MILLWD",61759,21.01,1.00,0.00
"11/10/2024 23:50:03","N.Y.C.",61761,21.15,1.14,0.00
"11/10/2024 23:50:03","NORTH",61755,20.23,0.22,0.00
"11/10/2024 23:50:03","NPX",61845,21.85,0.84,-1.00
"11/10/2024 23:50:03","O H",61846,18.51,-1.50,0.00
"11/10/2024 23:50:03","PJM",61847,19.83,-0.18,0.00
"11/10/2024 23:50:03","WEST",61752,18.79,-1.22,0.00
"11/10/2024 23:55:00","CAPITL",61757,21.19,0.89,0.00
"11/10/2024 23:55:00","CENTRL",61754,19.87,-0.43,0.00
"11/10/2024 23:55:00","DUNWOD",61760,21.40,1.10,0.00
"11/10/2024 23:55:00","GENESE",61753,19.37,-0.93,0.00
"11/10/2024 23:55:00","H Q",61844,20.30,0.00,0.00
"11/10/2024 23:55:00","HUD VL",61758,21.26,0.95,0.00
"11/10/2024 23:55:00","LONGIL",61762,21.70,1.40,0.00
"11/10/2024 23:55:00","MHK VL",61756,20.69,0.38,0.00
"11/10/2024 23:55:00","MILLWD",61759,21.32,1.01,0.00
"11/10/2024 23:55:00","N.Y.C.",61761,21.46,1.16,0.00
"11/10/2024 23:55:00","NORTH",61755,20.52,0.22,0.00
"11/10/2024 23:55:00","NPX",61845,22.16,0.85,-1.00
"11/10/2024 23:55:00","O H",61846,18.86,-1.44,0.00
"11/10/2024 23:55:00","PJM",61847,20.16,-0.14,0.00
"11/10/2024 23:55:00","WEST",61752,19.14,-1.16,0.00
"11/11/2024 00:00:00","CAPITL",61757,21.19,0.89,0.00
"11/11/2024 00:00:00","CENTRL",61754,19.87,-0.43,0.00
"11/11/2024 00:00:00","DUNWOD",61760,21.40,1.10,0.00
"11/11/2024 00:00:00","GENESE",61753,19.37,-0.93,0.00
"11/11/2024 00:00:00","H Q",61844,20.30,0.00,0.00
"11/11/2024 00:00:00","HUD VL",61758,21.26,0.95,0.00
"11/11/2024 00:00:00","LONGIL",61762,21.70,1.40,0.00
"11/11/2024 00:00:00","MHK VL",61756,20.69,0.38,0.00
"11/11/2024 00:00:00","MILLWD",61759,21.32,1.01,0.00
"11/11/2024 00:00:00","N.Y.C.",61761,21.46,1.16,0.00
"11/11/2024 00:00:00","NORTH",61755,20.52,0.22,0.00
"11/11/2024 00:00:00","NPX",61845,22.16,0.85,-1.00
"11/11/2024 00:00:00","O H",61846,18.86,-1.44,0.00
"11/11/2024 00:00:00","PJM",61847,20.16,-0.14,0.00
"11/11/2024 00:00:00","WEST",61752,19.14,-1.16,0.00
